%CELL_PARAMETER
36.000000000000 0 0
0 36.000000000000 0
0 0 36.000000000000

%ATOMIC_POSTION
He	32.6620979507	24.2384190653	20.601090991
He	0.958537767622	11.2148260576	5.41037676614
He	5.46373273147	32.473745802	32.272537512
He	23.157595598	21.4619671734	19.185742681
He	20.9693792832	27.2234935801	27.7481578493
He	10.1806265591	32.5472303056	33.1619902222
He	6.11326817287	15.0088462099	3.43494656338
He	32.6292259125	27.8350741752	3.87531204766
He	0.202429969381	20.621413515	27.5031538584
He	11.3529576586	5.93529451715	26.8673058778
He	4.62783516813	8.56599691483	29.5567645792
He	7.48875970919	9.64130991274	27.2135324157
He	25.4070729527	18.5276244942	5.616852942
He	20.7923501708	16.8493239919	12.7680394349
He	12.456653738	4.75923688255	16.7860169578
He	14.0571816594	10.9419442785	17.0178495308
He	12.4840623492	31.3864579762	3.78072770917
He	17.496929894	35.6817924957	31.6841935733
He	28.0694934059	26.8950677382	4.10099139641
He	28.2749888369	1.04680674759	15.5024070439
He	23.7858958467	19.5932204313	27.3808985481
He	9.42242652864	23.509798646	31.167074113
He	4.14628430246	34.014301061	10.6263688711
He	32.3784418777	15.5709081103	26.1101659081
He	9.25562208079	28.8355127659	19.202536386
He	15.6848331359	23.1581683028	27.3138793148
He	3.57014430914	15.3721350464	26.9437069492
He	22.3979445652	11.6043165679	5.5669280492
He	11.0693673986	8.50966303233	16.3546689365
He	4.85042024611	2.4975935963	13.5925780396
He	33.2465853332	20.9809549791	18.658963628
He	22.4309210106	2.16433570334	24.365996232
He	2.03157376879	20.049077888	35.6295729295
He	1.26309903204	35.4466748047	3.8461394918
He	31.8871230306	13.0284803188	18.8624071816
He	3.76284190477	5.30124874701	21.1546895599
He	7.35811605366	18.5355570373	20.5062393012
He	7.61055273059	25.5601335948	18.7152882993
He	25.421445441	12.2631528335	3.00216605924
He	17.6923973765	8.3303455424	19.649109974
He	4.8830261792	24.2607157302	7.80231983776
He	35.2342295919	4.34030733643	21.4116422277
He	5.12706019175	11.7513851777	11.5536291104
He	21.7703922826	0.6643915626	18.5486311274
He	33.7067078933	28.8094284186	7.87753170376
He	9.35078708802	24.1222852266	6.594742393
He	6.14563807499	28.9961174685	17.8796636914
He	25.7326286064	2.01153626079	32.9081839404
He	3.52881858223	19.3300191283	26.9667926067
He	22.4835199559	14.9303312547	1.3269900804
He	2.66079886636	29.785045228	17.0135052116
He	6.65270800592	16.0241438339	10.4839873148
He	2.24810317598	15.270703675	10.6106420096
He	3.8908120807	12.6565099354	23.824833777
He	6.60903509355	7.31563195581	17.8063841336
He	3.71134052407	35.7451133134	16.4744908791
He	31.2340966274	14.1220546018	15.0946027835
He	5.47654601863	13.1756114313	35.9927606402
He	24.8195310781	19.9766576853	8.88263573245
He	26.0667676693	22.3391245636	17.8163554585
He	4.25832230311	11.5101277576	16.4663142998
He	31.9046370278	10.7570363746	2.06013222235
He	19.9577130081	29.1246816173	8.48764778092
He	32.7773764945	35.6844406191	26.6671350701
He	30.409891388	28.8016925792	17.0079421649
He	34.0321853799	9.20329841665	21.5595208396
He	13.6350424262	32.8776733464	10.3650229212
He	34.974035769	13.7513855654	28.6232176591
He	29.8829463023	25.812048282	26.2695623934
He	10.334645273	18.9791542864	23.0348527156
He	17.9874092771	2.11358391447	9.65954461037
He	26.7277615556	32.3969033423	28.5092671323
He	29.5302517853	13.6264105648	25.1250803303
He	33.1025139744	18.006520456	5.73873226721
He	12.6268683317	2.38991989814	19.577295994
He	22.4656580731	25.1566798761	14.044784508
He	28.9030957606	25.3668072092	18.9150309011
He	12.794371271	14.0842263105	18.0766015699
He	34.294278438	24.6499224795	13.7737578937
He	21.5510965276	32.2452049154	7.32958948319
He	14.9649711518	5.2995743772	1.44324441606
He	30.4606085127	12.2249057934	8.11929698525
He	27.69748543	3.26471140496	11.4025719229
He	13.0667094228	32.3468320905	20.752797801
He	0.489415710245	26.6914907236	6.78450097539
He	7.56678683009	17.7756580816	16.4538828906
He	22.4883120403	6.70741737546	10.2164085273
He	32.9864871216	17.2487298853	19.3523870408
He	34.7407723774	30.7029080776	16.6236791296
He	6.69837944542	16.9948129198	24.7655300035
He	30.8876469405	12.9643493998	32.8655459186
He	30.0932789468	6.0160290724	35.6716714076
He	16.7590431291	16.4841686119	4.77074230524
He	25.1840808204	27.9986170619	32.8689786402
He	14.6114919069	29.2500365598	10.5904796123
He	3.17844827229	5.44326411128	8.98094158326
He	34.6801529442	12.5059656765	32.4894802934
He	1.31000051491	5.31104636975	18.8343581172
He	13.9068975916	4.11620278957	9.73599014112
He	35.6771390754	4.85652382045	9.14829682048
He	25.9035931717	23.7546098442	25.6946254353
He	21.8407516472	27.9789746741	4.29671345896
He	1.23939465953	3.13216016335	25.920404588
He	14.2526138058	13.615082837	2.67771094568
He	15.8161799129	13.9504350941	7.10447551742
He	29.1456392089	13.3298570945	3.58189909409
He	1.46561374181	26.584196404	20.6703108233
He	4.82184650567	12.2965944178	19.9127689013
He	11.2958116697	7.05485507711	33.364738362
He	22.8162407349	7.77451420459	34.4899757059
He	4.75063175703	35.7514433394	6.10388087262
He	9.76018243916	14.5435052112	16.2265354984
He	32.1349662558	35.1737431974	11.6777337413
He	6.91991336564	5.83482658804	23.5723919789
He	25.0143195739	8.52210906663	4.93094052744
He	1.10804385469	8.79602681734	27.9084428928
He	22.8762860191	8.57647839328	29.1077488827
He	18.7745724154	24.5122833963	25.9132296646
He	15.441593244	26.9630605644	3.26509050884
He	17.9368683928	33.8656035092	22.2692975553
He	11.1826440669	3.89320563374	23.6426030781
He	5.608397116	9.49267769531	24.1216941943
He	26.3902224051	19.8202251646	19.7900736838
He	5.43989832893	2.25353065157	20.3275181162
He	26.2101740224	31.3602861089	31.9756145593
He	5.86769363047	5.2555872795	32.0217042794
He	23.7544103928	33.3310989049	16.8967127848
He	29.5241696908	29.6551343086	25.5387559965
He	33.5264023957	3.43039175006	27.4681466335
He	9.14691102646	2.27788540934	5.40528166409
He	21.02025143	16.8721004175	26.8693461579
He	32.9585743323	22.7523017618	25.4727180106
He	4.91948628104	9.53026483409	8.16372383457
He	6.44863689631	22.3190908065	4.15707174673
He	32.0403799206	19.9142674697	32.9885881424
He	18.9760671112	9.68267982001	4.54859492312
He	5.33564579839	20.9324688127	17.3118203288
He	15.9207667057	4.17692284999	34.0606250017
He	13.8960189485	8.49675502982	26.1845204018
He	29.4290088183	7.76583085005	32.0794639944
He	23.8861060104	34.6800431661	31.2070361184
He	35.7887899421	16.3366692116	16.9928578747
He	26.9219962412	7.28150243566	35.0139608868
He	0.269457590235	16.9938455222	7.65716851323
He	5.87629491791	0.809788240922	33.4270309795
He	13.8514047636	1.61714364329	33.2899697613
He	14.3374206592	1.8722207267	23.9327208659
He	4.43585149243	6.75961289706	14.8026004515
He	14.5143824295	8.60368164647	3.33589852441
He	3.4987855463	4.24615680978	35.8330218608
He	32.6918731621	0.939336693431	30.3465699333
He	21.9825837039	31.602158601	28.0909605208
He	7.1196495219	1.18600207028	24.3552366679
He	33.3282988558	18.9371965208	25.1711197702
He	10.6534642003	13.2211704109	11.4293259229
He	10.4616991522	14.1711213025	23.7183350698
He	10.4639636289	13.9919806215	27.2362551837
He	26.2976771978	5.67767213229	27.8011685855
He	10.6516380986	19.3822263562	19.3890359475
He	8.4132549934	26.2949788944	22.69962598
He	6.8288736789	14.5498982653	22.2728606456
He	19.908755093	9.47832473692	11.6364757218
He	8.64214217084	3.42342586612	31.1497036436
He	8.77623102064	16.0341006197	0.49042564019
He	26.0197492562	13.7393617227	35.5550161192
He	20.3810143573	23.063844338	11.1388501072
He	23.5466583037	21.9395170409	0.0224338123032
He	5.15271401789	22.2115098612	12.4625979758
He	5.49819501239	30.2403826306	28.8152970799
He	3.68890804048	17.6084042671	12.8940660447
He	9.63368867618	4.85798160922	11.8438915935
He	12.7930993688	8.00312027526	29.5474612754
He	20.3260582555	8.3305602067	8.02278908433
He	16.312869771	23.188789577	22.6174141662
He	3.450828276	6.6302396191	25.9383260977
He	6.75221320719	5.61985864633	27.8320694608
He	26.0053047021	10.6682908014	20.331316751
He	13.9764542833	6.38942906539	22.8251091278
He	18.4392238568	28.2894941039	5.24099499355
He	4.03424283982	3.83709279518	16.6789137016
He	19.7741020807	4.92295841945	3.23176934707
He	23.120977409	6.34186751308	26.1009973085
He	35.7132893441	32.618609445	8.63900827181
He	35.7475104055	7.4649209545	1.22602118646
He	15.5674564479	5.52511430313	30.7764655239
He	8.0801863313	11.0139411209	16.1905297992
He	13.7855598004	22.6199535123	19.3730550167
He	18.0622229366	10.6006760335	16.1882565856
He	21.0957610515	11.0740546442	18.2321972116
He	2.38933740976	23.7611985609	35.1471090939
He	32.5293398646	9.50928721633	17.3206553522
He	3.49497794679	1.53806832236	30.2127810556
He	28.1836289301	15.5987011097	15.9090303865
He	9.67551343921	22.3414962814	2.64360083828
He	1.5728678639	8.78685651124	14.1039565127
He	0.617556465818	33.2935703141	14.2821240591
He	29.9145094283	9.28740527833	19.8987038824
He	21.6235868541	22.0861416337	5.29699887023
He	5.90727866866	20.9654294412	0.883624264931
He	21.6609403971	12.4084201031	27.3284391527
He	6.07182129984	5.01284137858	11.4904450451
He	19.7831493466	12.6246710467	13.7731901316
He	29.3376795322	23.9840714263	12.1397876379
He	4.05180345174	18.3290222243	19.1786008353
He	21.7527382311	6.06865990155	31.1467093772
He	20.1001916461	25.0517268465	7.56448197692
He	26.8622825517	23.3967937917	9.59606786652
He	31.0379037664	31.214642978	5.740388488
He	1.67523143702	15.9563750522	19.7409030726
He	8.40099942783	26.4372575351	29.1148323319
He	9.18253684023	19.7089764516	29.8391074196
He	33.8401076265	26.4420234019	31.7351409178
He	7.33604830205	13.3306992689	8.20993880721
He	4.26749720978	27.8076428459	7.83941904845
He	19.6435788422	3.25490350912	33.5197808201
He	1.60899340971	32.6532312184	2.1956674481
He	20.3122682857	12.1705549084	2.13489203077
He	6.11826419502	33.7691339073	22.5937899029
He	13.9117001556	18.5509291018	26.6891541111
He	26.4663378806	27.8621289648	18.9505621201
He	20.9475594104	28.3531200713	33.9436000738
He	31.1696837224	0.733407114098	22.2778813902
He	5.34875371968	10.7190941162	4.43575791447
He	34.194706738	33.100366869	4.18321672518
He	19.1914623427	11.236103824	22.4561362882
He	2.39489429558	26.1123731308	15.0673578937
He	18.7273949098	32.9147176362	5.40245591973
He	34.1289167403	17.2685037337	29.1303657534
He	3.23844010551	15.9071730274	23.3438842175
He	17.0084582801	31.8782553613	30.7208688348
He	7.09974607864	20.8704920128	25.016264682
He	1.29368229089	22.3285561613	14.460016206
He	17.4039484853	26.8721047524	35.5014039365
He	13.0687914518	16.9237311298	23.2737895272
He	27.4168404653	8.22821919356	17.6128323215
He	0.475428441133	28.879610054	25.353861201
He	25.1092922307	2.26276603357	1.65295634199
He	19.1841745401	5.15238071071	19.9620501418
He	34.3483937417	23.221630534	33.7397809089
He	34.7732665975	26.3759908773	10.9229527792
He	16.7114164567	23.5163298951	5.46239090122
He	22.7183437568	20.0035697363	12.2485705904
He	9.34940329987	23.409966209	35.1633012013
He	2.78438175155	2.27070083989	22.9932445677
He	28.8663799674	14.0701198568	30.2782218492
He	17.4890389617	34.01540327	9.29182321307
He	9.87612164277	8.17283669129	12.7437979869
He	5.95217531793	34.1890286367	26.7459765359
He	32.014622789	27.9321284355	0.384819091618
He	10.360131436	17.5771157546	33.2211826707
He	5.16094050353	15.0241094787	32.6739705161
He	18.2694363502	21.0370923276	26.0044297032
He	10.0482700233	29.3052170027	9.99178213689
He	19.0479282427	20.7187302964	8.75661043724
He	27.9443431331	23.5434783722	29.3712665148
He	17.460495452	33.8847281261	18.5375370259
He	28.5267802055	30.0282219405	34.4484263563
He	3.01572295175	22.0023323149	32.0372455715
He	3.82680386145	29.8591804423	25.7555566323
He	11.8613156849	29.4221446913	26.0053521138
He	8.30894874469	15.1974135478	29.6739094135
He	29.3320236195	0.721095362324	25.4779704752
He	21.4885820505	15.4011064262	23.2800984069
He	2.65567020336	35.9629904192	26.0623411845
He	23.7746188832	0.0813274176263	11.7193526281
He	2.8492691598	21.0648597193	7.57757358902
He	22.1504183533	25.2106149118	31.9621594462
He	10.3192670033	34.0011395784	22.6559425871
He	32.8832845946	14.1236936444	0.637137870198
He	8.72510546909	10.7016706942	35.3470269763
He	4.74621277032	25.833637458	4.05841262168
He	35.964362574	28.4053143627	13.8086861311
He	15.0831997183	12.3435701863	34.529059427
He	28.5334333179	33.8901282952	2.62098548593
He	13.0001033972	19.2894286364	35.9793385766
He	26.1558850716	4.4263025945	14.7640983733
He	26.2486029768	0.864047976454	8.89189706861
He	33.620925031	4.92870632515	16.7263666372
He	30.9987513188	16.6554894791	31.4412518378
He	31.9431105611	3.39422669294	24.2901481237
He	14.2169683423	17.1798394817	16.8703807976
He	22.9732627172	12.8199620541	11.9337590187
He	15.5408888031	19.8290222508	6.29841049578
He	15.5919246061	16.535759552	28.8499029117
He	15.5266015321	7.65112686108	17.1543926248
He	23.8449492789	9.04502301363	17.3740348901
He	3.82501352567	29.8561796336	21.1258022831
He	25.0484514915	9.18914214713	1.07821830116
He	29.5946943685	1.92388188726	18.9786583527
He	21.6124126469	26.3276022585	10.7902976278
He	17.2441485089	20.4903649589	33.8124632893
He	30.5887459852	3.5358925595	14.6109625675
He	26.3156787314	34.8222984568	34.656228165
He	20.3283463331	7.87002800943	16.826653968
He	27.7688169766	10.8304000821	32.2686877503
He	4.5256940885	19.4086807922	22.3188914889
He	6.68673859525	34.5632600507	18.8072365817
He	12.5143684722	3.33893205091	13.1707396545
He	16.5922894944	20.4673841641	18.1486418849
He	0.407327357011	11.0111969714	23.9846430765
He	25.6626475134	21.2899309797	2.90186790895
He	18.1548452742	1.20488138739	12.9057259716
He	22.4204288246	28.5940773062	14.3304260631
He	27.0968586823	16.3602199978	26.8527308426
He	0.884353746288	10.6823231278	30.9190940543
He	13.8536480763	13.8177738226	21.8869789131
He	31.1384785884	19.4864520666	21.3512595609
He	7.607731384	31.0596245847	26.0706172628
He	24.0124280907	26.6440666316	8.04755246294
He	14.3387017782	30.1117364949	23.0601016532
He	6.85011817595	32.4195843431	7.27549285642
He	4.99382630179	11.0024990498	33.1709856124
He	13.0527739719	6.86070245784	13.4830599751
He	10.2252063892	0.27530694552	33.0960853112
He	29.838085358	19.2329145727	24.7028464028
He	15.9955679927	3.43923946638	20.4986786361
He	22.1258797233	31.5718486028	2.07981087587
He	14.0133680267	18.8475731325	13.2108356396
He	5.72354160027	4.82139347827	2.22234833489
He	12.5611739054	25.7164738134	26.1344604349
He	31.5149679917	16.2636998338	22.5932723022
He	21.3238671881	8.13095760235	1.79040889155
He	12.8865706821	21.7137806359	24.5491498772
He	18.5665927404	4.63179096466	29.1650549857
He	25.9936281064	24.3867574885	32.5810698442
He	18.7204928482	7.82395426932	31.835925055
He	25.994625422	20.1328228076	24.2304421115
He	16.7621148397	19.2202863531	1.39941528091
He	33.0726595359	14.5281563943	4.81559926869
He	6.72937201175	0.651915939275	29.4203611078
He	1.19292081316	29.7914186881	34.9335907493
He	0.179301157995	23.1608762954	21.6704174246
He	31.5464086734	23.436065706	15.9283451618
He	33.7594304866	0.832066217489	19.2433472972
He	16.8062048447	6.56415482988	4.90928230649
He	22.0770684152	30.3038408925	21.5334058269
He	14.0212621919	17.4011658891	2.95259783374
He	8.57565571903	25.4827490526	2.96520430465
He	2.99656266977	4.89543629635	29.5782136659
He	22.8468087427	17.6724286884	16.1294139552
He	18.3414128183	1.8093141714	24.6479438457
He	34.3611538733	11.5476994669	8.74925780106
He	34.1442001607	13.6376471582	12.9206403508
He	2.65673991724	25.3790416531	28.1239952099
He	19.4980079366	25.1228076421	3.03791274122
He	7.85754851029	7.38957264348	9.75490829583
He	17.1264132339	30.2908578558	20.5676990434
He	10.4672653269	27.1969959123	0.288135864397
He	6.70632127037	33.5853553823	3.56542519296
He	4.86970985368	2.82622876282	26.8558530002
He	1.87272615776	34.5410762558	21.5919775212
He	14.5341359674	22.9342750457	8.65486674188
He	0.205736819118	26.2081863799	3.32164037004
He	30.6849103653	34.9441968048	6.60314969313
He	2.32422301214	17.5531206923	1.88608245476
He	17.0955044003	4.31810730341	16.1914754227
He	2.31460372864	34.431930334	33.0810199147
He	35.4298647532	30.93163746	22.3882202887
He	34.5794995241	0.564742074074	9.1867244367
He	9.15683476837	18.7373045888	2.89160645123
He	5.19650615141	27.7919261829	31.4752427342
He	19.9926651863	19.528853097	29.4084652721
He	21.9669043341	3.1400164605	0.311011967836
He	25.5756714746	11.7598454898	28.3389860162
He	12.5423426779	35.8443016386	3.69978774786
He	24.3845717599	10.0165685749	9.86523103782
He	7.96517459953	9.55176797366	31.8771414405
He	15.8424859899	26.8775838097	25.6338735847
He	29.3448749738	25.6599050071	8.31026803089
He	11.6497101554	35.5320968808	12.3763564333
He	34.0791885895	30.7946501416	12.1242309075
He	0.47320639639	13.9865150074	25.3255667265
He	25.7853707892	7.89110508644	14.3535722603
He	15.8359972369	35.1171806254	3.56414109411
He	10.543014074	15.8156478234	20.6961535929
He	28.810833782	3.87885439245	32.6916507759
He	16.2364846083	24.6764916615	11.4721424651
He	30.5673491195	27.8850029759	20.8794705576
He	24.478201674	16.6347656092	11.0876095661
He	35.7142245625	8.13570290321	17.5224672823
He	25.1339049488	5.874721419	2.27481753912
He	15.4414583167	4.50605839468	26.5852212959
He	14.4887086927	9.75565076199	6.75154019269
He	23.0262271507	11.0008525621	23.4266536992
He	21.1704241952	13.7089842471	9.23966865558
He	32.9982824768	30.0350478617	32.5354020325
He	19.2964016488	1.0770656754	28.1761700507
He	19.7026502903	20.9869966184	2.16765067909
He	19.4550067526	13.6145400022	33.0316994521
He	0.725163730538	19.2719662905	5.07433806668
He	20.2965925318	5.02113115916	23.7788820829
He	17.6057953547	18.4307175154	14.1458814384
He	17.8010388943	13.897382882	29.1182273058
He	29.5857649698	20.4286172981	17.7673856821
He	10.6613561767	25.7162621629	11.063834726
He	15.3156314646	35.8268479782	20.4435503
He	22.0118386767	22.8209331861	26.165205858
He	12.6384246583	33.4870294069	17.0437823322
He	35.8456120599	3.52111984386	1.95590803843
He	13.5590504314	30.044301802	16.6893445638
He	31.7582531541	6.86422644779	27.6078478626
He	29.3927932837	22.2594444863	26.3657243966
He	19.104195228	24.9865635976	14.756920833
He	28.0285155039	26.7149771277	0.719014432223
He	8.58077937429	11.2915831458	23.6093886013
He	0.157345931144	23.6234697291	30.0850290923
He	35.3379496325	26.7585094404	35.0432154261
He	18.9661280832	29.2834624036	1.3297132726
He	15.9260258753	35.155086845	35.2389774204
He	18.4015725539	33.7071765656	1.98752240864
He	35.1430014442	22.446632319	5.31155972347
He	31.5136810299	16.9052478931	2.53337334708
He	19.0448356868	6.00854023524	35.2630116984
He	8.43559199409	31.323236071	16.2744746743
He	12.4537349414	24.9200491568	3.45862707903
He	33.5958280927	4.56205284198	33.7308399965
He	17.9565109501	28.3991473469	30.4082895402
He	33.1455538072	24.6878749077	7.23625994393
He	8.24620726186	19.3009144767	12.9359166256
He	19.9577840735	23.7114897485	22.2071860523
He	24.6759254688	25.9589447056	28.4433210618
He	30.1485258011	5.69459942028	6.42686228665
He	3.63671209389	24.2398646691	18.5062254873
He	18.9364091291	1.21359873747	20.3691607959
He	3.62639610491	22.8997253993	23.5035780378
He	4.05223277906	29.5438074869	12.7080283094
He	6.72797702512	24.131884476	24.9280967239
He	23.7940446183	4.70348023713	33.7393074189
He	3.60246959928	2.030445181	3.13294055733
He	30.2900666536	24.1953895751	35.4741801477
He	9.25954372627	26.9812022349	32.8926120664
He	32.9011657712	9.05118065379	30.421691476
He	6.13736643031	25.0046444435	33.8843994356
He	19.8108650738	27.7804029975	16.6194093784
He	29.7932598786	16.8235968035	34.8015721794
He	27.3576642325	13.4107118092	9.146255525
He	29.9788577454	3.31592758633	28.4384245733
He	35.7158017331	17.0479117392	12.6443947461
He	4.00509108204	15.6664549383	16.4614911174
He	24.3571891018	0.571267544117	21.3826794023
He	30.3220224063	34.56695587	28.9197809934
He	26.3230165733	23.4995244282	14.3542197703
He	23.0529073322	30.8421668983	10.178467344
He	14.2801448489	32.4271619505	28.1278776704
He	34.0907757252	20.9164103215	22.4185422028
He	29.5246082847	30.1546895291	13.4210524041
He	16.1206909149	10.0812980749	31.9370128201
He	11.0827226252	33.4018070797	26.2968657444
He	9.23751981591	19.909829766	35.493642615
He	20.6341004529	35.8349180188	7.70334866222
He	34.0342988945	32.5666461913	30.1359037645
He	10.9771613278	25.9526183828	19.9895519877
He	26.8809953876	35.7010888514	28.7400567115
He	14.5160420734	13.8328587304	14.0763719473
He	32.370347414	9.61303747826	34.4397538418
He	31.1163860025	21.2047820898	5.69230897781
He	21.0031368366	19.3566414062	23.432313545
He	3.09122383373	15.7893986979	5.06605849815
He	25.5008616403	16.2060518348	18.3821257748
He	9.62693266655	23.7277499882	14.2988362619
He	24.8302120928	12.6000587626	17.3639591353
He	35.1639056141	20.7963083187	8.42406669553
He	6.78447195211	15.0003822793	18.2863319748
He	14.4258977658	35.5781037591	7.02411726533
He	21.0533857385	15.3535170395	30.1663441199
He	18.3631663318	15.9730078907	20.9779360488
He	9.5341100002	6.04198794192	4.5097678029
He	25.6146372126	7.21985512805	31.7541238702
He	13.8390395196	21.6941718886	2.27143862007
He	9.98168619155	4.20484992073	8.38481985857
He	27.1539947003	31.8052752758	16.9888540674
He	13.8920485907	11.9539164116	27.8060476481
He	27.450940662	8.79981708652	29.0608846539
He	20.8224280176	32.8599266262	19.1214708248
He	2.80990049539	9.15744326779	19.56609402
He	2.14919068047	0.471465460902	8.43784966088
He	7.2141679749	9.42267416377	20.5352250581
He	2.02821646389	12.603817622	34.1151253321
He	11.12424684	32.2102792041	0.452418604213
He	21.1150447721	8.10017814207	21.4460076344
He	12.5755830942	14.317797688	31.9356337958
He	33.8793828831	34.1329953805	22.8479921672
He	11.5578740396	25.9861369995	16.3618557607
He	21.4538152859	2.73101270517	12.7135972064
He	1.66380882492	0.218646122569	12.4809160577
He	24.7590808146	14.9254223066	14.8808172052
He	16.3737972347	26.7846399006	22.2797051016
He	21.8269115273	2.52735176216	5.01194454591
He	5.98336800555	25.4407858773	13.5824977992
He	18.2668142693	29.6693356926	23.6776252687
He	1.0425743184	29.527746681	9.31221866388
He	8.39719134164	29.9068599581	34.8987465847
He	15.4509838354	14.549650548	26.0125048019
He	25.5074146757	6.40291357864	19.6390044246
He	25.8234935724	2.95560737606	17.9791632213
He	6.83225792119	28.9215557551	5.8870750232
He	12.1387006368	10.8431812097	32.6691840086
He	16.1622796559	30.6962661919	3.39044070486
He	22.6001118298	18.3826374395	30.9105693478
He	19.5718878185	27.3262871702	20.1013597237
He	14.6392954784	1.32388012924	15.8100818204
He	34.5819970517	25.9304250943	27.362676519
He	9.37378143832	34.6540458439	5.90996730385
He	22.331210602	6.72169183233	5.31584426391
He	34.6007215164	1.40902379662	23.4077956046
He	20.1166721865	5.87676793852	13.2691172902
He	26.9839880715	28.4994087209	29.3070957928
He	30.0443967773	17.888923571	27.8943561041
He	18.8616293917	4.89751331124	7.44872651176
He	22.5571850614	15.7914700725	33.8622180558
He	26.795639825	12.0405692836	6.33332421242
He	19.5871968087	10.4961663437	29.4204736065
He	17.137882073	8.26381046897	27.4061597222
He	30.2695877629	28.5100852556	10.0499281882
He	29.6252746489	6.61659059123	12.1655719526
He	20.2785980133	30.7905501231	12.644826777
He	5.11649171188	26.3527996937	21.2543970658
He	3.96960523616	35.0783474903	0.166750860349
He	27.4217365471	26.5857713721	15.8258973669
He	23.0200212805	22.9266542402	8.97174607745
He	12.5746506869	12.7664939237	5.79736048392
He	28.9665403645	18.7332428838	13.423068176
He	33.1246320444	23.2708028273	10.5698772643
He	15.5600878053	27.3821703854	14.9758176989
He	3.13068282122	7.71789842431	5.48310671471
He	13.0292060308	28.601866585	19.8456879911
He	12.7975360562	2.74940908477	6.44851226428
He	8.83289818398	31.7154787887	12.5095051826
He	11.9260063229	21.6878020756	5.2343380326
He	19.914168488	35.9094117105	34.8113458095
He	12.3643228586	4.06050368588	35.21508817
He	11.2571771324	21.0069502039	32.9577694305
He	15.3057834153	16.2019401401	35.7644941529
He	17.1950241628	7.71625710926	13.6443332747
He	10.7972627821	31.876561366	7.91876793259
He	12.7045479015	10.5802854358	1.33411555652
He	8.07506078686	27.8470770932	15.212012617
He	35.6423099768	1.61671753333	32.3269014623
He	24.5492649965	14.1490842098	21.6426520629
He	32.2496552258	7.47200551794	23.7698362148
He	16.7694372606	11.9056981723	19.1523953194
He	9.22164032302	22.896210454	26.917853369
He	18.8557515293	9.67881170373	34.7154810192
He	1.67522436831	25.8365390069	32.163841172
He	3.65198521262	31.5171078761	6.10066908691
He	9.91011959574	29.9244735118	22.6268735465
He	27.8440593249	7.69885962302	22.7323835426
He	30.4489405179	34.6710013755	19.6409827112
He	8.95638613979	33.895085471	29.1982325503
He	35.0286737878	20.2784507787	31.3077400919
He	19.5255349917	16.7901410813	0.441365376123
He	34.3545727635	28.1201347998	20.578230388
He	22.0842812122	29.4521192524	30.9643378648
He	10.4356593563	10.9779531934	29.6736648979
He	26.675346267	0.391998355762	4.47955056884
He	31.444024889	28.8078522037	28.5056635644
He	18.869356336	0.75469951085	16.3426539662
He	31.6558166257	25.280614661	29.5690377014
He	10.5324901531	14.6133606088	8.15062172307
He	8.55145197164	3.9917881639	19.6609940804
He	26.6450702253	26.7726924838	10.5966968583
He	14.7064803412	17.3138920368	32.314135555
He	5.30546756829	3.82353832441	6.25452063215
He	16.869015754	29.8231139338	27.0124838374
He	31.5758316133	18.0697406014	16.0175653502
He	7.37363079589	26.7994883412	10.3858499592
He	28.672922427	9.24189150441	9.91212731862
He	9.52349931565	8.09054727172	24.0032129905
He	20.6050658942	24.5078997744	34.9925064635
He	23.9978031127	33.9683670114	8.86223043205
He	33.1375123868	12.3434155163	23.0903544521
He	21.3567187384	14.7335380018	18.9439823273
He	12.5520172053	25.3999916441	31.8534093397
He	7.15518621155	1.8976036499	17.1304420684
He	33.0266602011	29.2107388941	23.8504697449
He	6.67728339539	1.41496899548	1.70655866671
He	16.9599343302	30.6698226993	16.0423728134
He	30.0903012616	20.2128868757	10.1995867329
He	28.6533896721	13.958999788	20.2996595107
He	10.6974438274	3.63202616747	2.37918607072
He	18.5841722421	16.0906795725	8.505220552
He	24.2983212491	16.4398486111	25.1871779047
He	32.2945520156	5.53407381522	9.81675334667
He	12.0483163003	17.4006451147	29.6109347114
He	17.8713583751	11.1729830266	8.77762857594
He	33.8219410376	20.479082745	14.1169392659
He	17.7830691423	2.03775018043	0.929271798982
He	0.307186657268	30.2633084498	5.17090148716
He	12.738958026	11.710062249	24.4396236491
He	2.20269231685	33.0920824097	18.0154306837
He	17.6411924266	33.0654215851	25.889838958
He	10.8711520791	2.00971676676	16.322341728
He	9.04474112873	27.345605845	25.9146824409
He	32.5318687885	31.5264258673	20.4677235864
He	20.4713231536	21.5021620676	32.7307678815
He	25.828444251	9.25605090635	25.7649439198
He	25.8243147883	30.0434389782	22.6335982958
He	6.5308420401	7.53051792206	34.7241238803
He	31.3272651919	6.88020721713	2.73517916196
He	11.3819719242	11.2158027667	14.0827462863
He	9.41648278231	12.1130102002	19.7522662009
He	8.81029334278	13.007382922	5.0054795479
He	11.2641790271	16.0698387623	13.1637206894
He	19.6622638001	18.9153368954	17.8321254962
He	23.3496474053	0.404388644512	28.0915204693
He	31.0204157399	4.29008612036	21.1271095301
He	17.1109400549	13.7980523912	11.0782372235
He	14.441490585	10.5003175205	11.983983406
He	24.2857147349	0.745805193529	15.3968744278
He	7.00875252137	21.2913271591	33.2018968411
He	30.469280167	24.5257849034	3.63573596383
He	13.7914862528	28.7302349851	29.2024857678
He	21.9897929741	3.66080357311	8.36270593906
He	29.3936564839	9.84781225641	14.4404818224
He	0.422350050174	17.5033965671	25.9837346614
He	29.9529909256	2.85048114411	8.93522132516
He	33.1762287097	6.71815673531	19.4968768911
He	2.53531761719	11.878954901	27.2299347246
He	35.3947842532	7.65500170244	4.7942942823
He	13.2951488223	23.7068613765	13.0167766856
He	33.8282451397	0.0116178263889	5.69969312255
He	2.89681223282	28.8000475066	2.71143686834
He	0.530502717576	35.9341292547	28.87995945
He	29.6393307318	16.547035477	5.63603714425
He	12.0879821735	3.24004740719	29.2810267075
He	6.278385267	35.3094217629	13.9206563037
He	25.5190168187	35.4533588071	24.6451974931
He	16.0761468047	26.769360403	7.32045886217
He	17.0377825773	8.21763335899	1.25813402451
He	33.9903297626	32.6947943545	34.4709236146
He	26.4952668641	35.735979326	18.5809015634
He	2.53361347259	13.8606389103	30.2313506078
He	8.38134764356	3.80331396111	35.1376361718
He	28.3482131739	4.45877933144	3.35992937555
He	31.6232689248	2.91425730262	1.31162067417
He	24.1219097553	25.5946853445	35.4010956231
He	4.51559939038	31.2951952784	35.7689794074
He	19.4118230273	18.4621754288	5.59946345055
He	8.33333505984	13.9969176205	33.3119793991
He	29.0419507118	35.8477095749	32.1264044069
He	13.652382385	14.2382725116	9.9922370679
He	33.8544086066	26.5545211354	17.0493199346
He	31.174009175	26.7856246807	13.7585391018
He	14.3368867035	8.17570062777	34.9522251161
He	30.1912944097	33.0153797624	23.2783029266
He	28.6234149222	9.72316022942	4.04853160641
He	6.2101729756	23.1398593688	29.158654438
He	1.24242028551	8.50736700304	8.24472057084
He	25.3855729882	13.3199406039	32.2527774916
He	24.9565480803	5.98045543971	23.3133323437
He	19.2949364469	13.1355524284	5.68943627653
He	27.8624882922	30.1314094803	2.51345943512
He	23.7421686822	22.4897167225	22.6331339884
He	27.9522965998	22.4075087854	21.549094108
He	24.9262453921	23.1243989312	5.90076391599
He	27.3791065386	19.8951875246	30.7837820353
He	9.22150609378	1.6299291023	27.1803090766
He	16.0791888667	26.4551500363	18.5973038843
He	3.42521343947	26.4716794685	24.5579870703
He	26.3620202396	16.9174622312	33.5694297994
He	22.7723789921	9.85918501224	13.6218551706
He	12.0515556382	17.7289708962	6.32939486862
He	9.28964502153	17.1718877383	26.9919454911
He	26.0997150626	12.8497237142	24.9287426779
He	6.11770780393	18.0159683864	29.3064503531
He	14.1155371025	1.45368938381	0.974816931147
He	22.4206785184	10.5806532571	31.789164098
He	26.4881876942	11.5509977033	13.4484714823
He	20.4544740629	8.73381094051	25.0848294886
He	12.3454274703	29.1239024283	32.648464771
He	33.7897367146	16.8792405661	34.0219520153
He	1.63973320985	11.3877925937	10.917613848
He	30.1503866944	27.1119145599	32.1709671592
He	28.8764904859	11.2803145724	0.170579243237
He	1.54789633195	7.915533791	22.7096053998
He	0.828479034941	5.31082664753	13.0548670464
He	22.579277398	15.5083680029	5.39362180727
He	0.534398178991	23.5949535176	25.4157577865
He	0.697508172809	23.7162087927	9.13427166333
He	13.6140503367	33.0712945586	33.5287973106
He	15.5265646141	25.5151738763	30.4504083099
He	19.4746665792	21.3199512043	14.6744320231
He	15.9700202854	10.108573467	23.5304900724
He	28.2719281442	3.27858311607	22.7614523855
He	6.65980072465	22.7923279216	20.7733230216
He	35.6408003255	8.1633594354	33.2094576464
He	6.38842983915	27.6323954459	0.786172852389
He	28.4185999245	18.9025659835	3.2286955718
He	30.2969636867	25.1401507908	23.1933405311
He	23.5010787061	26.0340067323	17.3715050694
He	19.1115219577	0.410351981022	4.22170434401
He	21.9207151258	17.7480773628	8.14088967792
He	34.2633313151	34.1458531224	17.5551294556
He	1.49185344005	4.26538547851	5.63855432029
He	31.9432171581	0.214961471389	15.49356138
He	22.9548644912	12.0005570428	35.5036036264
He	16.7333319256	23.7925080089	0.691131671718
He	27.7372927928	32.4959152097	6.90524872281
He	27.6272962684	35.3628505245	21.6580495303
He	33.6697270194	24.1735481616	1.0399285567
He	25.9625695176	29.5655465289	13.8775378037
He	25.841527396	18.2547290972	14.8508301121
He	22.5781313749	17.9979502904	19.7726110485
He	4.25851064481	18.5042933203	32.954394247
He	23.124746713	3.51285275112	20.2495130189
He	33.3595988863	15.0058329558	8.70343798893
He	11.3885776683	7.13154601627	1.04294613804
He	33.6178603301	1.18486474922	35.3387881837
He	7.454882525	5.11690853201	14.5940455242
He	23.6089417347	29.8129326917	17.7786026566
He	5.54887441473	18.8916163778	3.90399655552
He	28.8663871167	31.3693859769	20.476052905
He	35.0853966959	30.1371784255	1.64565172702
He	28.2212629485	21.3055269417	7.25763290025
He	8.66928197754	17.0595884553	6.15830494203
He	32.0067272261	17.0278134911	12.0024634978
He	12.1116798819	35.2152520554	29.8301602583
He	0.0371832941809	11.8040140927	1.72346253516
He	3.14003678933	8.0703055775	32.8268105266
He	12.9683597279	24.8305029925	22.9162927832
He	6.09145377369	11.9598469439	29.7258929336
He	32.1786963259	5.34431707533	30.8388111019
He	31.1604536912	31.2693392299	2.37235026127
He	16.3356541021	6.76818480411	9.29993045892
He	22.9541165048	4.80211836918	16.248067683
He	35.1534586375	11.8778980117	16.6881624139
He	23.7135147062	26.2375338824	20.9702669825
He	12.5015620333	22.5668545473	29.685436261
He	20.8295639842	34.2375035442	24.9331510282
He	6.88464498504	13.4406993532	26.1707430869
He	8.54202072644	1.57864204491	13.3209377474
He	23.058800349	21.8951295117	15.5256969503
He	16.5150366723	34.3025747974	14.8423588854
He	28.9616444606	17.3033571147	19.0322241401
He	34.0036951486	10.2368224391	26.771722523
He	1.80539733098	20.0438827782	10.8976208814
He	20.9289686075	33.9185611071	11.2892365277
He	25.8695762909	2.71362220314	26.088963537
He	1.5533145833	17.7456528736	29.7491507695
He	35.9893706081	23.7548448519	18.0120852804
He	16.8786396836	2.4636214386	5.98683067382
He	2.16269728556	19.0534606238	16.0405563627
He	0.684714033636	19.4891543118	19.7218443919
He	14.0813375577	26.8721575212	0.0676959682561
He	5.46328554681	1.85383924888	10.0754555043
He	32.2036986251	11.0402283675	5.33490985895
He	14.3254077658	22.7304705842	34.4924039652
He	26.0673577448	17.8349160501	0.985382104271
He	9.10171302354	29.3080958692	2.70563456711
He	34.8609783954	8.43067323093	10.6487722998
He	31.9702449766	32.2836642559	15.154735302
He	27.8082943237	29.1724811278	7.45609308904
He	11.3379878513	28.2863250322	5.77669614013
He	9.82005515064	17.9629275408	9.40789385528
He	2.36338547055	30.7702414312	31.838118816
He	20.3692860944	33.9651598859	30.8735953326
He	35.997743405	33.7657360012	25.9392424934
He	26.6629927161	6.21652206085	8.13404999712
He	18.3361788682	32.2243731237	34.5229970654
He	1.25394744663	20.2847983191	23.9522409407
He	16.5488397703	21.2493892681	11.9709696168
He	0.908254681598	15.8709276216	32.8034805784
He	7.90096816844	34.7995018132	10.8882063034
He	30.775454287	22.8259003181	31.9589102233
He	22.1653658761	18.8934812018	34.9879453161
He	6.78899571056	13.7538593893	14.4200562326
He	35.2633045693	16.0704118762	2.22122360209
He	15.9448623653	20.2942243448	29.5150778429
He	29.8261550543	5.40776530245	17.7394279363
He	22.2480720607	2.02426258816	31.4068156162
He	3.95242150668	13.4029010009	7.36602620683
He	30.5250006819	20.7843017917	0.472334349017
He	28.9665099153	14.2722569626	12.2826589684
He	21.3603674071	3.74797779673	27.0470496657
He	5.52751402916	19.5332043447	10.1583638878
He	25.2444196802	32.6772425243	20.1354976606
He	1.09257431948	0.636252323397	19.1632631001
He	25.1512115713	20.2313047513	33.2726074951
He	11.6462811857	13.9622627139	35.6819004596
He	17.8744020028	14.9426106978	16.6734951104
He	32.5514081644	8.01699813121	7.77548495222
He	13.1704759499	6.38071234531	5.63510070501
He	29.2157845096	1.07282766055	35.4187132153
He	27.9114795201	17.6956309219	9.34247419671
He	0.530330030685	35.5044521064	0.53341998376
He	11.0561203001	15.3814329427	3.38672875534
He	24.7631559279	25.939203449	3.0298941706
He	2.81221135878	22.1144684777	3.40401002905
He	24.7310448811	21.8437247053	29.8601268311
He	10.0355979321	0.406599183822	0.995965208402
He	18.1465360418	28.0808429408	12.6533033533
He	14.3067448027	9.27766076693	20.3218667428
He	25.9408743619	20.788679143	12.3387885791
He	24.8901768046	30.710283806	4.16683561398
He	33.7629785032	7.82186348923	13.7845152091
He	15.6141094407	21.3230821645	15.2647761841
He	3.10086005017	33.0176452798	24.353915765
He	14.1624218027	34.3306624645	23.7902434718
He	22.3216369446	32.0217629606	34.3989525014
He	0.62251725161	12.0606016329	20.4089702263
He	10.9901214366	19.0679472348	15.4562972497
He	30.7073372829	2.2950459339	5.12506989519
He	24.3820851575	15.2395828603	29.290530181
He	10.2147927794	22.8686155639	18.7387860351
He	10.4255401565	0.420377828062	8.89496374077
He	17.3323068839	11.8440529581	1.12666523437
He	32.8809009623	21.9672206661	29.1631214201
He	29.7930477983	31.9497383476	31.6916861304
He	35.7014413679	5.92195815829	30.487064544
He	26.7750048096	23.3038829243	35.9312759709
He	22.4147413212	18.8093998151	2.71018121375
He	21.4191674962	26.652167964	23.6788702213
He	25.3375849703	30.2428826376	0.127661237085
He	22.6526716003	35.0995233963	4.66356250037
He	18.8436622494	17.676986057	32.2199689641
He	3.78954565274	17.8147689936	7.74702241161
He	13.5991508792	18.0561016262	9.66596453633
He	13.8909965568	32.1935520442	14.0055959128
He	20.575104329	24.3218469393	18.0995195541
He	31.7532908447	35.3850544774	2.45031590465
He	10.7408767724	7.10112285547	19.8011711638
He	22.8122574763	29.9139628483	24.8530146027
He	8.54205043784	20.5306121127	7.32970217907
He	11.0179237848	29.7426974767	14.2981834956
He	11.7694270552	7.45846129805	9.71288106315
He	34.3601923035	25.8816646969	23.9086721146
He	9.23283415103	6.7877971324	30.4817134408
He	26.7877973707	17.1842579447	22.6101162845
He	9.70949585441	22.9409759385	22.7797635241
He	10.1277356319	9.7333157844	3.83601130208
He	34.8848943647	29.337459239	29.3658850326
He	10.2221530934	10.7192250218	8.64795398758
He	34.0140832365	2.9307148161	12.2249929452
He	20.1269222393	33.116070018	15.2601993488
He	14.7686771369	0.494937863986	10.915876445
He	3.22833258763	9.39134999444	0.480506114706
He	31.2203629409	12.5499563391	28.1244921427
He	34.0355965396	4.30768244902	5.37921346575
He	30.4232249682	32.0301387322	9.38525178337
He	5.04257750988	31.9599015078	15.178432629
He	24.6549572376	33.9314021044	1.74008541781
He	31.2719792767	11.1828594532	11.4019796709
He	13.7536926209	19.9994576403	21.611353421
He	23.2115956056	0.163353561237	35.2773596012
He	17.650250387	24.2587485267	33.0215653087
He	27.3750446143	31.455203112	10.3117991729
He	34.589428059	20.4189110693	2.04171780614
He	25.0082831865	32.9685764801	12.7248527864
He	0.413068137887	2.48852174571	15.5066710664
He	2.30645152478	13.6271785915	13.9799923736
He	11.3606122284	21.2270750887	10.1146079858
He	30.2792819246	33.3084254324	35.3898873599
He	18.110125366	12.1125782292	26.0204848131
He	25.7887130896	28.6568614117	25.974744925
He	3.69310818246	25.8489131293	10.90984142
He	35.4776209944	17.0524720022	22.2403340169
He	15.2944473465	30.1908075282	35.0664733903
He	2.94193475288	33.6442424983	29.6422083282
He	9.44241607635	29.9236951798	29.0343199278
He	14.6569491101	31.8400042176	6.60384902172
He	18.7379435992	22.8092011615	29.9335469412
He	32.3707793076	31.6703445794	26.2961371718
He	29.1829128038	10.221558338	26.2597330576
He	8.13458299335	22.7138207882	10.2833886596

%ATOMIC_VELOCITY
He	3.336173508073	-2.822305069901	-8.098470423191
He	2.199216501694	-1.264795707705	-1.745769556213
He	-4.669077122479	7.551409850440	4.244035173460
He	4.955415959201	-3.215267449354	1.904791228652
He	7.975989204965	1.938808559767	2.714066989301
He	-4.167194984344	-2.386569475499	-6.802446810571
He	7.305273090331	3.466077670020	0.271735030735
He	8.420755750375	3.438457280869	-8.279242983322
He	5.363207791384	-7.630055173641	2.170313776761
He	5.155736665801	1.408570894624	7.215488080228
He	-4.853852005209	-3.936361281085	-4.258686792420
He	-4.313376504290	6.998005541806	3.240903702105
He	2.579799871716	-6.352177264455	2.140443749797
He	-1.953475027582	7.338389007832	7.689562494563
He	8.590262125180	6.633272537125	0.976501251582
He	2.527019041723	-6.215028131000	7.354317970203
He	4.363518163372	-7.590860716340	2.168525837475
He	-4.142056878651	-7.851210649747	-3.044886684404
He	-3.782353937864	6.247147454723	-1.910555663925
He	7.026905771116	2.721778436743	8.262401424819
He	5.465083778586	6.603076744620	-4.325829650903
He	-7.570913078482	-6.391405435342	-5.979693911845
He	4.308936547732	4.923544749460	-3.567484982180
He	-2.327929775230	-5.711035961903	-4.880965777096
He	-3.415677353425	-5.801879520504	-6.899563042719
He	6.199769822265	5.460289834305	-4.350204971489
He	4.776777727820	1.142702313895	-3.176679493710
He	-1.832006507463	5.735795748329	-2.263503949337
He	3.762052740352	-6.727663865207	-4.668226297362
He	-6.925812996331	-8.381863777872	6.817938333501
He	-7.440721636159	5.818370313800	4.769145275374
He	-3.127605362953	6.982607548404	7.142126034152
He	-0.468353350689	2.610438412354	3.413800980864
He	4.603107591240	-8.398597046658	6.467151213081
He	8.361087738253	-3.079124086997	-7.986598110171
He	-7.315785369114	-5.560459940403	6.238077926363
He	-3.027044416495	7.951468100502	-1.271089562490
He	2.435222013905	-2.561644090743	-4.187163608798
He	-8.605592008191	-7.480697034172	-2.150441279885
He	-4.634872381443	-5.671359709307	-1.767918863638
He	-6.594244120700	-4.376931032380	-4.601418352585
He	6.813847078783	1.230613917753	-6.270680598819
He	5.178663048286	-7.918845116718	5.104144007655
He	-0.184846043608	5.419412787608	5.469933163227
He	-2.495004895175	5.099394842079	-6.261060726518
He	-1.842657081237	6.518759786051	-3.057134472802
He	-4.381889227632	-5.189390314225	-3.757536175047
He	2.985967142098	5.980982012765	2.445205936440
He	7.437749457409	6.110540317660	3.728895096388
He	-3.490001895234	-7.205437747565	6.821921581201
He	3.381025165237	-5.064531555179	-6.206879253927
He	7.418552736762	-6.931790152068	3.788120857946
He	-7.629437934816	6.982023209305	4.633661935348
He	6.113652005058	-1.883928518085	1.401204920208
He	2.806275095527	4.356216899826	-2.151270032351
He	5.184160293118	-6.167545857083	-4.284380049048
He	-6.650284244332	-1.814284771629	-0.709384161043
He	-1.768874495269	-7.509423313312	-3.380271951026
He	-8.100978631588	-8.752779539685	-5.921601428004
He	4.266862397019	-3.507631121833	-4.362652981448
He	2.311473905462	8.608544356490	-0.662798334397
He	4.743540583754	7.345991417580	1.169797707655
He	-0.245648631059	8.451703795851	-0.500048885788
He	-4.389296760359	5.884250117127	6.380408790246
He	5.650854083958	0.009419528873	2.084755895434
He	-5.277726021151	-3.487525853680	4.681596232471
He	-0.923160137980	-1.402659784926	-5.784558341905
He	7.006401625086	5.563616032890	-4.529595452987
He	-5.151180398698	6.197787722499	-4.517988798552
He	-2.433835902592	1.783544435736	0.738766281845
He	1.842457048179	-4.586087342584	0.695440835587
He	-7.597651358977	-8.523652442612	-0.610437549580
He	2.211092272788	-0.034150752474	-0.810603548367
He	-7.066266685759	4.311702800252	-3.578223233988
He	7.953088028597	1.281451200428	5.195582497115
He	1.260533851273	4.738875500473	-6.943813159313
He	-2.835179989014	-4.865390321288	0.417913249881
He	0.019207601300	-6.540094379984	-2.670340519976
He	4.128558072422	-2.956124465596	-5.124422600226
He	8.249515197979	3.345189953008	5.423508029630
He	0.210971407066	-3.493458682594	-7.814449107591
He	-7.870897821995	-2.355959728485	-7.573715356083
He	0.157610552534	8.590282857388	1.156520085562
He	7.985952928276	-7.157089512152	-3.183646916933
He	-4.369580370360	-7.885107167337	6.862190485724
He	-7.951307946003	2.110577005132	2.949196183449
He	-6.256175181207	8.010547329204	6.848192056280
He	2.800683992783	-0.651350753277	-8.343772126451
He	-8.646966599951	-5.203898364637	-2.535510397927
He	-5.132443267958	-5.635488842329	-7.842190247666
He	-8.486245311085	3.310632877823	-2.571262736141
He	-7.661748494567	4.174885368913	3.837163729493
He	-6.596517918431	-4.348609754225	3.775576784134
He	3.198948091241	-5.043762509730	5.382873466102
He	8.654247106527	-0.678192567005	6.262152500995
He	6.739127519493	0.105649800078	-0.279140296621
He	0.911013630184	2.584624931957	-0.920462770165
He	-1.018104386294	-3.295796759041	7.192572678787
He	-0.722930588635	-3.207613037797	-6.663195488598
He	5.380504937547	0.395094007332	-3.534298136807
He	6.177260622100	0.643999009332	8.540720943245
He	-5.171312186800	1.717400835961	4.063736509411
He	7.304797474913	3.856033230616	8.479512949306
He	2.303064186289	-1.626124361924	-5.216119355062
He	-1.091372412257	-1.652982939179	2.870074272053
He	-3.606529984021	-3.594961103467	-5.676145722506
He	4.753275643467	6.051202839803	5.672865403571
He	-4.944497199457	-3.648007230273	-6.274801150108
He	-6.529234593428	4.364212494178	-0.718027993785
He	-4.553484149807	1.063611756053	8.441452207666
He	0.551163637496	-1.440233305629	0.433581414250
He	0.314574507983	2.123604820658	-6.500887552536
He	-4.398999047255	0.747296611789	6.119531872199
He	-4.696796170707	-5.630744877593	-4.158462284362
He	-1.273969601660	2.013033023235	2.952940970578
He	-7.181205394255	7.141653352300	8.122366069341
He	-4.218405192652	3.213823311985	5.521699106396
He	-7.322849861840	7.004476425614	-6.778177918514
He	-4.958705087838	-8.205863843486	6.350420769783
He	2.962212842486	-4.024197680206	-1.237837276911
He	2.626354977394	5.262116270375	6.086315611580
He	-5.717373673004	-3.104414897314	-0.441949362400
He	-3.579315301431	1.231736368517	-8.346522553359
He	-6.237093493880	5.270090510896	-5.212881236833
He	-1.756609854133	-4.684984766435	5.564537980522
He	-7.580978956313	-3.131039847604	4.054321530075
He	-8.235922959730	1.385705272830	-1.383724960688
He	5.924722078885	2.798005724077	-3.031118329711
He	7.785490084480	6.574450957434	-2.472595979077
He	5.358600781505	0.855558116138	2.267592534836
He	-4.656546560054	-5.199192582140	-1.122160997537
He	-7.347541021233	-2.181415942058	4.537810299269
He	0.849455540476	2.974419069597	-2.882323134961
He	1.141878919336	5.472475888803	-6.264102418702
He	4.567943606613	-4.965239649112	-2.184700991017
He	1.355171522487	-3.811068284229	3.448645355499
He	-3.367817020196	-3.311840930873	-3.817519174419
He	3.887403951335	-6.068224535770	7.744872743778
He	-7.921024451134	-6.963840135071	5.667453898464
He	-1.754674506102	7.129910967630	-2.128857780036
He	-8.264392044024	-6.207741276206	1.436335831944
He	-0.747607117451	-4.820131984353	8.019306084006
He	-4.987106882830	4.764473877319	2.341855350855
He	0.769515906318	-2.774752887127	-0.837538554980
He	3.144359411725	-6.887914964296	2.961607990028
He	-7.817651652051	3.202406871277	7.914925899919
He	4.269939627557	8.569740172277	-4.048784825592
He	-8.324889619620	3.776038439830	-1.352623167242
He	8.058929056377	4.590164301782	0.447922899917
He	4.949072882083	-5.845615888102	-1.074035935201
He	-5.957094970711	-5.374857619040	1.482608982713
He	4.118186785343	2.612685576594	5.426863192479
He	3.360182796590	6.360729006850	1.539467267050
He	-3.075271917203	-1.550860762504	7.529100574043
He	4.726135451927	-7.087607034561	-8.010684184890
He	-1.089566630803	-6.170108365415	3.956108880507
He	-1.951950795533	6.834981575228	3.873979250035
He	2.638210302985	7.245242276804	-1.001852112882
He	-7.491722937015	6.623065649400	-5.063557613848
He	1.595145887011	2.891032847701	-2.144787307831
He	-8.256200120948	5.669088198186	1.244741267249
He	1.865354785875	1.106169299747	-4.794442950795
He	-1.485092086294	-4.214753579334	-7.085583746693
He	-8.722934892002	1.445124816549	0.127941684923
He	7.445111614261	-2.509845415306	1.804720852592
He	8.073373353480	5.135738266976	4.398998681297
He	3.252172161228	-5.497318212338	2.582110453777
He	-1.651158653385	5.876042403733	1.175482927833
He	5.985935157842	7.119469787914	-0.853321225515
He	-7.854932520654	0.033509991143	-6.614158172452
He	-1.360773904376	0.512460191392	7.819316219854
He	8.522913295093	-6.303290706515	0.273615716853
He	-5.048839728460	0.946767520276	4.823248331638
He	-3.495477551044	0.958982949470	-2.383496654561
He	5.271410066099	-0.277011120051	3.871044124252
He	-1.701179154067	-0.884743450352	0.354912596591
He	-6.079490545528	-6.313676972906	3.621980578372
He	5.141565832358	0.770314686795	0.846153187467
He	-2.460261304457	-1.924855831034	-0.686246827367
He	5.325363394137	-1.044638038602	8.111649357896
He	7.350151145794	6.329738370108	-0.027760253460
He	6.392157292890	6.171545981419	2.433335242254
He	-2.111537054906	-7.558399430823	-5.271767040217
He	-6.065598796026	-2.318726660671	4.451602103373
He	0.189850481632	-5.728422278353	-4.477278819425
He	-4.716415466874	1.305548880666	3.402363924342
He	4.277443053826	3.961208648224	5.853073153666
He	-0.877886432450	0.421668796800	-2.028481962286
He	8.607212679127	6.696557805429	4.811048400799
He	-0.856344220998	3.340815523894	-4.885459440551
He	-1.522004935860	2.009860985907	-7.207590865080
He	7.089180742899	-0.279087396875	7.728341310458
He	0.745205912395	6.344525861304	-8.481927915003
He	4.112384796288	-8.402178618504	-2.036268381553
He	-0.213323164987	0.522822176214	0.999695534213
He	3.948343939697	4.541557030536	-6.346625387869
He	-1.426602200609	0.137894400580	6.378969454475
He	-4.350839119701	7.995158281216	-1.851231551473
He	2.259624842122	7.921265276561	-3.806543540682
He	-1.706636821727	-1.616184628219	8.298658177332
He	2.046849661832	5.596960757117	1.656649360491
He	3.478204720861	4.005035816235	-7.274307839132
He	2.429235966671	-3.930863955152	7.834604216292
He	2.586253975777	-8.499584842646	8.196811800018
He	-8.227324478534	0.022242305453	0.067764173484
He	1.411316979788	-4.710519430522	-4.042548598728
He	3.703637516029	2.598028681955	4.859732004082
He	1.305296897745	6.982339875339	4.203020482551
He	8.093011270382	0.560859033679	3.472415964474
He	-4.490842343058	7.589372525038	-6.795638466492
He	-4.969494238484	0.955116511198	7.565708484745
He	5.326101054227	-4.247784451723	2.918874498232
He	6.690739139204	6.916601828034	7.752396737199
He	5.748033290847	0.821750120029	8.017198096783
He	5.167535018107	1.329575954581	-0.612429400512
He	-3.542010881166	-5.940212749413	3.441437363085
He	1.054386452325	6.498575079702	-2.612403757708
He	-2.863191616350	-0.877233706334	-4.281933685116
He	-7.437481206558	-1.465328111624	5.043311550793
He	4.673880682026	2.778979858404	3.980814273084
He	6.517188147753	6.544635941116	-3.715939018466
He	5.305586559740	3.189631311561	0.800662732041
He	-0.552849006677	1.199264766983	-0.934605242673
He	-1.577762342236	-1.733807625951	8.651531079587
He	-2.337874318211	-5.247378291625	1.329237231420
He	5.688642213496	-0.054238851596	4.153410684237
He	0.352769503824	-7.680958083052	2.000115961191
He	6.379311678335	-1.808999386317	-7.528987539781
He	-6.679932079539	-0.511330279789	-0.229929457286
He	7.002325395364	-4.518555273435	-6.102819401629
He	2.205829603799	-6.682472809463	-8.210053263261
He	7.128836509443	7.358264063362	3.743964242420
He	-0.847810831274	-1.875690627097	-3.708640785235
He	6.856529858273	5.281697351863	3.321937782934
He	6.730750865101	-5.737282650129	6.838945693538
He	-0.717321976237	-8.729746120414	-1.867162960805
He	-5.341221364758	0.358173704605	-0.783734849738
He	5.297840528652	-1.943620300841	6.171651958065
He	6.407798912980	0.111597932706	-2.991548124471
He	-2.599440617064	-1.567182347602	1.254282796214
He	-0.063314094584	-8.042458427584	3.336196180870
He	0.365578574375	7.821528394944	2.042590449594
He	-4.667767255964	-1.707388112001	-8.484969980250
He	0.262537882911	-3.531963937510	5.561113565733
He	-5.192834398803	-5.482318756190	8.588217117833
He	-7.131198778023	2.535509580658	8.622857191539
He	-0.359415814719	5.929438537096	0.329161093396
He	7.495795259652	2.546173381966	7.149926986675
He	4.890137144960	0.272866611164	-1.390344875256
He	-6.878721052270	6.408576307186	5.806858971261
He	3.014507676163	-2.335843471179	6.528786737797
He	-2.426606215725	6.764885416281	5.698445329993
He	8.254930157979	-6.583987515354	-4.660812584756
He	8.408906109948	2.413700680643	0.571609671854
He	5.192709602922	5.956016594925	3.853677109783
He	5.003616647997	7.559968129988	-2.262683104196
He	4.849163774888	-1.480553368513	-4.985114369848
He	-3.598985204474	-2.665863792642	6.325445206238
He	-5.226368282447	-6.456832331464	-2.053557985345
He	2.022232766406	-4.600403062538	-4.296851480907
He	-0.948218335091	7.149254926711	2.131691242034
He	-3.196741670052	-3.958456972796	0.244706863677
He	-6.275606412817	-4.384632490489	2.425105542443
He	-2.297473065354	-4.656832064323	-3.813063579662
He	6.913082530609	-8.145228145182	-6.508916779375
He	1.989449575744	5.593538824011	-7.600818452134
He	8.365712395658	1.761596915117	-0.316985618418
He	-5.396712046948	6.897762023729	5.781536783060
He	-7.848576913468	-7.009711942499	8.089090653825
He	-1.263188974704	3.747671136992	-5.163182211461
He	3.078905468498	-5.881652881880	-6.665797087498
He	-3.566713362226	-0.343244238847	-1.859867866174
He	5.316939425560	2.116299669532	2.519885837457
He	-1.035265104755	8.553976917264	6.627439967254
He	3.790617247803	6.785953764091	7.246598024301
He	5.920646392537	0.094297656054	4.188267045564
He	6.958773864512	-0.221095632070	-2.702005842066
He	-2.135521826663	3.117342634068	-4.456113621085
He	-5.131295108252	4.003916033685	-2.701439361355
He	-5.819514527184	-5.940378624801	-7.605638027110
He	-2.343750814536	5.873677156783	-4.722904706761
He	-0.370601977924	-6.374141881115	3.698237248512
He	6.408476080011	7.677947857532	-2.837332884704
He	0.151051852820	-2.038422922895	-2.935225770188
He	-1.998818252684	-6.928911358874	-4.801141800735
He	-3.529530301142	7.726885346750	4.057542049439
He	-8.118573328336	6.004553527480	-4.815423377269
He	-2.181633246293	-4.812073974855	7.066305450919
He	2.001199064841	-1.208218770020	2.418351689966
He	7.938705627596	1.707417015881	5.242359259285
He	-8.444242472273	8.098816514431	2.464166621430
He	-4.528201254924	-0.952891147275	4.854410934435
He	7.808981925807	-3.225520751045	3.880488989219
He	-3.805661031656	5.660681414861	-6.809803736423
He	1.898059130375	-5.019242513495	-4.974328901177
He	5.735863253750	0.186377498449	-5.899313357175
He	1.016095230430	0.802954491310	-8.546629624333
He	4.839617777271	7.356471558103	-4.594317405068
He	3.128613163542	0.676564939163	2.961850019032
He	-3.230345219251	-0.065835117023	-3.982602767835
He	-6.765296032724	0.225072731900	-4.535656056152
He	4.337816512816	4.432021790061	3.275838990693
He	0.414917374493	3.559898032086	-8.601551563100
He	-4.481903700937	8.489387321627	5.823516053991
He	-2.652761513250	1.706340768221	-7.847596262252
He	1.011855517792	-1.238901661811	1.103167430318
He	3.751488084726	8.512343881705	-6.745747881120
He	3.843804384503	4.670855983305	-8.041146117655
He	7.888432903544	-0.881636536935	1.399805015627
He	2.072972849818	4.623168556900	-7.317899896034
He	6.729316006092	6.593022837262	1.671559029985
He	-6.583650122818	2.249733674406	-2.548288982701
He	5.331134791984	-6.016454634883	-7.640260745253
He	5.368529161104	-1.763208022734	-7.802743226374
He	2.414735142337	4.319180785212	2.667983735967
He	3.206084804195	-3.350069380778	-7.222787728593
He	-4.468057838246	-8.279686979834	-7.362313649635
He	-2.574859787147	4.299267725864	6.072928527789
He	-1.977059980693	3.506594945627	-3.460577811894
He	8.061690959043	-3.101537880227	-7.489279057742
He	-8.033519009749	-5.053327557916	7.868129981749
He	2.276985944345	-2.901827359538	1.465993853407
He	8.367642893863	-6.251798251336	4.213925412644
He	-8.049927924148	7.851881222854	-6.201152404728
He	-7.213725226412	1.585510681410	6.882414574603
He	4.093204433664	-3.889510198177	-5.119524608923
He	5.509362629180	0.377582284773	-4.634825394637
He	6.785994903654	6.537872810712	8.428828525347
He	4.081613366795	-4.120292853763	3.283553676336
He	-8.156274517858	-4.739707578501	-8.469854006638
He	-7.006607643381	-4.038076267055	-4.758795370435
He	-7.915787734390	6.974059990377	1.103763464147
He	2.189152043127	6.660597200458	3.616351415041
He	-2.374232616988	7.345819589396	2.816362835148
He	0.063560902394	-8.549011320798	-4.249996278080
He	-1.831334595761	4.279343425952	0.624879717863
He	1.688086719425	1.107600371351	-7.649407800112
He	5.692207257007	-0.787510400667	7.652851204720
He	5.343725709596	-5.387002717654	-5.119311451790
He	-0.150030686826	-4.808126922425	-1.094632828062
He	0.019061230645	-3.079584252720	3.631677099003
He	3.899211792430	-2.260221674024	1.953867286632
He	-3.774334816181	-8.752175314678	-0.037405307547
He	8.480962522969	-2.391257610470	-1.343455520899
He	2.520015293469	6.407453605009	-1.128080639467
He	6.908964939498	-4.104986666423	-5.500607016263
He	-1.243465415398	6.318250366087	4.371379557318
He	-0.253927283290	3.329351939313	-5.068000646097
He	-1.378386151328	-0.008028026763	-1.690617169631
He	2.141248329100	8.577091599497	2.265642102063
He	-7.730694571720	-0.084952845529	7.950444051573
He	4.539928451393	-4.866846736880	-2.961647425198
He	-2.283514334733	0.093968760024	-2.949436537647
He	6.318026281829	-0.106174392678	3.423692046003
He	-3.802739303718	-6.267264782991	1.179275848264
He	3.708125980924	-8.039405527275	5.838675375961
He	6.846464888771	-0.547720629587	3.505055947410
He	2.440534373330	7.933502400209	-1.817461916024
He	6.011479651342	-2.125989426791	6.938896251333
He	-4.456447591047	-8.665846781472	6.864118056192
He	6.448140443236	-7.661391040106	-1.872704592084
He	5.621274422051	5.613687724373	2.024834865155
He	-6.117683075906	-5.350932294141	-6.533066177568
He	-0.428173689444	-7.714011687984	2.125145623873
He	-5.781791716199	-2.781600678616	4.622267035002
He	4.036430064284	-7.754580381474	5.347247701847
He	1.097795367487	7.827034820383	-3.852342722378
He	-4.174458757861	1.586463518041	-4.570710124916
He	2.647025258334	-1.083162514398	2.067686642413
He	0.808611436909	3.195540215750	2.166226055060
He	-1.104580579657	0.962574975205	3.269221209075
He	5.661660752368	-2.097256286526	0.231039130700
He	-1.090814455236	0.520210950654	3.644493038789
He	1.015065299415	-8.589068414461	4.694867544925
He	-5.637099149470	-5.635709817575	-6.738602936439
He	7.624113817751	7.135870559795	-5.728797123794
He	4.194051446839	-0.447439748389	-6.553632106159
He	-8.435601348297	4.113251806836	3.797217606002
He	-4.367365540993	-1.920828618612	-5.937814703034
He	6.339267025528	7.622933139493	6.022111706836
He	-0.271816984059	-2.162753123946	-1.667183120707
He	-5.779905847743	-5.182198047250	4.999946786886
He	3.090079215176	2.462137810600	-3.131712065208
He	-2.042737818793	-5.203902573766	-2.956394285549
He	-6.125180346627	-2.105851402040	0.172282099106
He	-4.224837358957	-3.162843268071	-1.343717143847
He	-1.314688558641	-7.649897505013	6.973229301884
He	0.770625259309	-7.350348532114	2.434611314082
He	-4.209467199337	-2.982563760021	-8.138087107277
He	-1.508335978262	-5.324402418275	8.249232226336
He	-4.263534344184	3.138930910752	-2.565390692248
He	2.708228459219	6.094175384205	1.016797454622
He	-1.069134826653	0.503148915600	-5.172934537526
He	4.438099032248	7.195561409893	-1.612450909062
He	-7.295605317949	-7.610724620516	5.046083883017
He	1.515622705266	-3.100411666387	-6.768629187802
He	-8.605404511339	4.320050088058	-5.654140498695
He	7.006770722764	-3.590430336414	-4.240102836689
He	0.664071964088	0.935252777335	1.541719597409
He	1.164930780920	8.162067112159	4.981703381364
He	0.636852942607	-4.782572915806	-0.531235510631
He	6.710408174468	6.660805856498	-3.088929929174
He	-1.050104443668	-3.089434653937	6.178605180545
He	2.415906942915	-7.332441297360	4.722296787690
He	-7.973854038905	-5.892896302223	5.875958361294
He	5.711175768221	4.357876716128	-5.876323107840
He	7.581492504528	4.487622517875	7.208113174337
He	-6.849958058815	2.813287556857	-5.034186956715
He	-2.451114971395	-5.203746162837	4.665452014740
He	7.729550558234	4.696334939279	4.175649332261
He	3.933943866840	-3.347917801896	8.157462610574
He	-5.374601716550	-5.318615311209	6.166398672435
He	0.175414286495	2.366430558208	-5.574905784249
He	-2.423290605718	-3.898768182658	-4.142960887489
He	-6.478303882676	-3.137471900368	-1.271470995593
He	8.036600402728	-6.107401815928	-5.565464082212
He	-6.617032769761	-7.207014987071	7.686544637892
He	-8.186229668182	-5.321822732800	1.847962392002
He	-4.581470700788	0.962212608890	5.408602431394
He	-8.693328750696	0.010657483343	1.453067567925
He	4.121266505674	-4.736504333599	6.869535960149
He	3.501419043490	-1.375955728953	-7.100949153808
He	0.890507643167	7.534608870628	4.029867598520
He	3.954547791137	-3.569787418871	-8.520770386886
He	8.450532827757	-1.312940988461	-2.893856093134
He	-1.598248232484	-1.957446261405	-0.236871706832
He	1.475233609413	0.160671281920	1.320499500216
He	0.384468174547	0.709591926824	4.763062961535
He	-6.544879498100	4.863271547233	-2.926594232322
He	7.502668857404	4.905093109622	5.848449453250
He	0.178426352571	0.345253931515	-7.539924683097
He	-1.729347760038	-4.834432708777	-0.151494217930
He	-0.191350989737	4.791225255586	-1.268755150050
He	-4.938793463975	0.064667362941	3.925843633309
He	-4.820617926752	-0.165905493083	-6.038967157899
He	0.924471912334	6.970996587518	0.767972774816
He	-8.089709867257	-0.234875478740	-7.723225746012
He	1.869735557068	-8.531512987975	1.750752383043
He	-2.144511554155	-6.341242172989	-2.037845872473
He	3.567840137632	-7.519678999366	-5.784622565598
He	0.638979518124	1.393897666291	3.325017560036
He	1.738000767247	8.399700219339	7.254971045379
He	-7.190803523441	-0.472756454179	3.394326498217
He	0.179387258728	3.323600394932	-5.192875941589
He	-4.672079180721	7.238132789376	3.405604767557
He	-2.072100414511	-0.518500982072	1.724731552328
He	7.334818292524	0.126939463757	-7.162013729160
He	8.250538470622	-6.684430662956	-6.929140514905
He	1.223980780906	-0.093791904025	-4.505996493774
He	7.825080832543	-5.207057450174	-3.261289290910
He	-6.736851805814	4.167072389147	6.896994569500
He	5.227111678332	-2.776032527388	6.644824994202
He	3.704772659062	-1.231685737744	-2.479801262725
He	-1.678210915479	7.682851834071	-7.808070662431
He	1.767859075152	-5.670333030432	8.194448321065
He	-3.603846230049	0.992716876253	-0.975922463754
He	6.759831246388	-0.353570515004	7.915403194123
He	8.236763449447	-0.784137728163	-7.420897271581
He	-7.469687138217	-8.241262622928	1.249697018514
He	-3.336737707882	8.318968522700	4.807025762460
He	2.040918925317	-7.098988958785	0.322228348859
He	0.160603430169	6.863273032633	6.310582015590
He	-1.971881648387	1.886940007914	-3.572973516791
He	4.187263012998	-8.472376583236	-4.541991485468
He	5.018138274676	2.030632805001	-1.447938313670
He	4.435276522983	7.161936888037	8.309164756703
He	-5.317956013529	5.240662450644	-0.696275561049
He	-6.179862892165	4.796320216309	7.283972904908
He	-4.961814239636	6.061783391178	7.807096476099
He	4.926828702987	-5.956059992375	7.474195204162
He	0.956544400799	4.820009246028	-8.276663557371
He	-7.498537323101	-3.700493007584	7.350995669382
He	7.450990624709	3.062775657115	0.586065882658
He	-4.899292964840	-1.431067005559	0.878075493542
He	-0.802338526199	-5.094034414664	-5.743161504205
He	6.388669084241	8.076392429515	-7.233094418916
He	5.920523768185	-5.922669267796	6.771954225848
He	-3.553061865621	-3.367381838765	2.916404647519
He	-5.046399025362	0.405954234685	0.326318235950
He	-6.016612622021	-3.348322738000	3.134644437695
He	-7.319727490617	6.343371975885	-0.697216110914
He	-6.957445123879	7.579984965870	4.366677075622
He	-8.383759519145	6.349869906797	-1.222417061901
He	0.841252287623	-7.230528741824	6.110902126660
He	-7.057982291594	0.702283053173	-7.635002090752
He	-4.162197871690	-1.590153546368	-8.210479463985
He	-2.756346366496	-4.350735453854	-5.368762529551
He	-4.761702213406	0.831352993611	0.028241825804
He	6.793648358222	4.520104281335	-8.217673742259
He	-1.657343470476	7.238641980510	-2.801610286139
He	-7.300009105539	-8.762191193889	-5.110108113003
He	0.641720707656	-6.984485996572	-6.181992941770
He	-3.768912281371	-6.633095202631	-8.483992837721
He	3.647616580837	2.943307398078	-6.950135377315
He	0.981208634739	4.620475419570	2.516533869978
He	1.985152468097	-8.222828135901	-7.725489479137
He	2.413618936331	-2.244024189312	-3.311838738872
He	5.683802330890	1.729423910368	6.283900456969
He	-3.065265916064	-0.158033407081	2.152134935556
He	-2.643993734214	6.919773435528	0.738907113318
He	3.193341911866	8.354914643075	0.741102121658
He	6.722179722972	0.315529675059	2.521002319205
He	-8.237123291556	5.281767706774	4.652293310694
He	-8.082170197058	0.248278603830	-1.056269093976
He	-6.393359650264	-7.451618445212	-5.087663477153
He	4.762120143824	3.268684335970	-4.546105418935
He	5.675576588796	-2.998802411480	1.974256585873
He	-6.413572214724	-5.996105764372	-4.948189306507
He	8.509274166354	-0.326221367351	3.658163480531
He	1.884099029152	5.764935219631	1.926067113312
He	-6.154303922179	0.277171447715	1.629111961749
He	3.225744123588	-1.681754513094	-6.707228165939
He	-3.030563629965	-1.183727483455	7.338925734955
He	-7.155580392029	-0.530747367427	-1.064665463963
He	0.427096438105	1.811043295396	0.248102284945
He	3.978378885061	-2.107942244562	-5.135083181833
He	8.071219390235	-5.113471339548	0.630500608916
He	1.268165903350	-2.791893241187	3.398781038664
He	4.958922520952	-2.963724758614	-5.579310123325
He	-0.160224063164	7.655524591733	-8.466244706442
He	-7.011467022611	-7.179885014227	0.575312935393
He	3.256590863248	4.781009422447	7.657944616418
He	5.188308621418	-6.930659891300	-2.177652669784
He	3.749924283615	-5.351089970242	6.055986156909
He	-6.092051253106	3.811156780948	-0.784840350443
He	2.794996955948	-0.891570017772	5.871603599115
He	6.298859706334	-1.501456311319	-7.893737535071
He	-1.847949757507	8.501859905117	-1.921244582138
He	-7.226478791602	4.779676742287	3.879416861477
He	-4.166842990817	-4.061653004659	2.883071650463
He	-3.994141773149	-2.337969706073	4.467572830355
He	5.220117086353	-7.762484526607	0.596712450054
He	4.100751638123	6.160974416008	2.430438752874
He	-6.854211104419	1.229793015841	5.843734976752
He	7.840720984710	3.872892083931	1.003021954952
He	-1.721429438492	-2.013216643902	-8.540417865568
He	-4.627135904025	-4.395462621349	-1.277487982768
He	-3.881927514987	2.491737934229	-1.427497880399
He	2.835773826984	4.000409463824	-5.299690940859
He	-2.062119384297	8.568716786093	-0.596957743288
He	-7.956357806592	-4.106530662728	5.829458744758
He	5.150160947872	-7.567519260156	6.831360412271
He	-3.030436674832	5.268382691053	4.340465025531
He	8.038948002151	7.149321907830	-3.081611753266
He	5.105372906145	6.308937208758	-7.860589472082
He	-2.668915211661	-4.093597913515	-1.109419921865
He	-2.570387153120	0.014416495545	3.259503659016
He	4.791070788222	4.867639293644	-2.900628209502
He	-5.413737164935	-0.977692555044	-7.552088548426
He	-2.074482173575	5.695338373745	-7.635241556971
He	5.967506007245	6.474130888348	-2.977386025580
He	3.019654679245	2.943186152439	-1.780519091616
He	1.073705018758	8.647899798803	-5.164006195201
He	-3.363140020360	8.005742117173	-6.666554090119
He	2.194194150484	4.430009347646	8.406769312759
He	2.972550602511	-6.920011547797	-4.338698403505
He	-6.914179392112	-0.755248379721	4.440104294271
He	4.984270191013	-4.645283275281	0.655873785167
He	-6.693668083137	-1.323870119021	8.442567424243
He	-5.606810707455	5.336798020489	5.486036003350
He	-4.603106340317	2.623198343953	3.308297088951
He	1.058453558213	-3.038252660583	-2.400386561358
He	7.916880398815	6.770602671260	-2.404356565303
He	-6.024435869144	-5.273643032881	-3.050484242768
He	-4.052044035154	5.655701430688	-7.272344697870
He	-4.422584795154	-0.052853650583	-5.427970051547
He	-0.122337274549	1.768117278501	2.581167762851
He	-4.459543053036	-1.928718214268	6.700270689799
He	4.835276664350	0.112764015680	-3.275469231970
He	4.500534015834	3.241103629422	-6.590541014228
He	1.209259946426	7.373147602191	4.797043523845
He	-4.259753037381	-0.249504515268	-6.893078939486
He	1.978806333480	-1.013729800234	8.641909925894
He	8.213395692286	1.696984643707	-5.283602901625
He	-3.614398623240	6.380090921639	-8.279771273685
He	-2.247797397001	-6.723599557296	0.431761277962
He	0.963178483671	1.889213481241	-6.451991246285
He	-5.232963826237	6.164820749401	0.383676733567
He	-7.310003209196	2.318991729969	-8.155429045391
He	-1.946526517056	-1.861579937978	3.850060778151
He	0.101878392825	8.082830329644	2.571338577594
He	-3.878388156088	-4.858028391519	-6.330035740422
He	-2.132521171465	5.855928255047	1.420620653463
He	-2.267921310219	5.388218271661	-5.534264505578
He	1.087421712265	-6.907286035361	-7.806043386686
He	1.446596362689	-0.419933111167	-5.765256749862
He	-6.898952432107	-8.137860311278	4.888342933609
He	-4.711997754283	-4.635673824428	2.401293880262
He	4.310624911502	-3.210526712428	-3.931584192517
He	4.794141790221	3.578097083602	2.971222063624
He	-0.133107504386	-5.001130199244	2.402182590521
He	-6.339078999551	-0.144368042246	6.308540401231
He	-4.030168807754	6.458261107485	3.512598853530
He	6.029397769818	-4.490765886516	0.248947322443
He	-8.282176800407	5.331806138835	2.106047489312
He	-7.449274262984	-1.902703182258	-6.965755424603
He	-4.575585080627	-0.066505293169	-6.339229541761
He	-8.464552219776	3.956647265633	-2.210517172069
He	2.575687584595	-0.413833506646	3.343342309622
He	7.283049316187	-4.300797400206	-1.730430401414
He	1.476961307053	4.301245408493	2.032825593461
He	-4.898166167074	6.697316730138	-6.763412251533
He	-7.366935838602	-6.013957761397	8.459235050072
He	4.784608939038	-8.665665675361	-4.683400639192
He	-3.743753803167	-8.212692162682	-8.003464303105
He	7.001239610253	-6.926816104470	-1.141781283133
He	8.674430109760	-2.767250872012	7.556099617817
He	-6.442109504759	-2.496652778702	2.860877080703
He	-0.013680752719	-8.602070877889	-6.204826220581
He	-5.447648507745	7.416128751384	-1.741237426667
He	1.460867014950	0.211984374655	-6.091861812812
He	-5.283617464347	4.048968520667	-8.046414885421
He	-3.408083791770	5.417182995151	-5.295986452699
He	-3.726158806347	1.520686258517	-5.197265933940
He	0.229386478570	6.512082768436	-4.645571894392
He	0.864868107684	4.832216694907	-2.808001804743
He	8.362032748660	4.825541120886	3.189133517366
He	7.140822293719	7.118581929213	-7.959389064084
He	1.224389301664	-1.576204507288	-7.797073747854
He	3.658509005193	1.711297298053	8.383441197650
He	-6.860038486122	-5.508941370778	-0.056444230443
He	-4.312954374825	-2.057408522039	-4.659345504414
He	-3.720423336137	3.269658007387	-7.894032312011
He	-0.377463864726	8.278649514126	2.391040140626
He	3.064216125444	-0.173069691085	0.251253106314
He	7.057590155161	-7.989307267182	-3.568400001526
He	-4.527721722340	-8.308380202304	-7.394728683388
He	7.300357719135	7.567592404502	8.488239439944
He	7.979914579160	0.110876030494	-1.739834861981
He	-8.594469241451	-4.911720648094	8.735848630192
He	8.427917880308	-3.036608821131	-5.424962535224
He	-0.405836414783	1.385587117130	1.282015136857
He	3.573764004912	6.400314094080	-4.100196658504
He	4.318677617011	-2.658255454428	-4.473416947126
He	-2.067592307011	-8.275145004656	4.117899564019
He	6.822606723413	7.517595463591	4.892978490956
He	-5.523103342762	-5.691231934420	5.348984490882
He	-4.278886102041	-7.071979899066	4.264707092636
He	-4.567956726745	-7.773170995578	-4.276286679617
He	2.331154335383	-7.632489923943	-0.423621125482
He	2.289692892817	-7.885677719307	5.304156247507
He	5.503676281702	0.443636178996	-1.962126430000
He	-1.991618646090	-4.663705499873	-4.213682138668
He	2.547130619515	8.390122430224	1.892448609134
He	6.712659604609	-2.358575560569	2.381689798597
He	2.053249095869	-4.217074512828	1.247415459441
He	-1.831082485933	-1.005027542504	4.320569719140
He	-5.259408067809	3.451236668541	6.012976022304
He	7.644244957047	7.618430254882	7.004191220846
He	-5.409351795328	1.268478906484	8.136087491023
He	2.805973003299	-5.122933876371	-8.401460031032
He	-0.667180813842	-8.300363278451	0.806562342084
He	6.009638680268	-1.556831611455	4.907243036330
He	-6.981353531159	-7.690806667612	4.645495671916
He	3.550041002084	7.757003250083	-6.364949691401
He	-2.845579272077	1.129146662170	-1.817638010109
He	7.040782119583	8.033214489323	5.941720641507
He	2.584041765965	-5.907299254157	0.741087515411
He	-0.180292284489	-6.944159980892	-0.292352032455
He	-1.953411136401	-3.618361463135	-7.675742920609
He	-2.594633710027	7.922761861361	-4.034290602860
He	-2.357147816950	-1.425524636263	-3.570267687192
He	7.088360457353	-4.096991639777	3.637286903583
He	3.218293420925	-2.343194857849	4.710866430091
He	-0.913520979917	-7.474259531437	3.815999877426
He	1.360475260901	-1.584688490428	-3.706723263151
He	8.181783174902	-3.225012054626	-4.325378576576
He	5.346193751761	8.094180032535	-1.468291636613
He	-2.690028805586	-0.767217935736	0.351934576615
He	5.656565086068	6.014521249059	5.497959315710
He	6.619768089568	-5.261218144750	4.768851374323
He	-6.191832586050	1.116784351387	-5.308543064688
He	-1.123154341023	-0.475960875042	-0.641148510345
He	-6.263177510198	-5.938773129789	5.780042825925
He	7.086634844002	1.882856203380	7.070169488608
He	2.125324648670	-5.437774219501	-3.166388796457
He	7.057547309629	-5.937096720270	2.372985343036
He	-6.045141339705	8.144247344577	1.815295572823
He	1.125512955901	-3.226887144791	-7.603792157550
He	-7.299862540242	-6.251427742505	7.175115285629
He	6.837042699577	-8.312765328608	-6.737972661869
He	2.828584001141	-5.769447601573	3.143197883638
He	6.158986860563	1.842548370490	-5.984632786042
He	-3.259471722540	4.314521173378	-3.159019721711
He	-6.256738961263	2.720050333599	7.488222675789
He	-7.963879545413	-3.835730701512	-6.601421338350
He	-2.491322417761	-5.459289075665	-3.774131864500
He	8.520608857494	-2.769280094174	-4.281754322671
He	1.558594357559	7.091383174813	1.255744726657
He	2.593748124119	8.526670947656	3.768703178272
He	0.991553336989	6.682607971561	4.220324043784
He	2.892526599230	0.830086288921	7.215262644441
He	-2.741585581780	-1.692032526188	0.405941212183
He	-0.087272443713	3.783646064358	-3.931407409076
He	5.392653758685	6.262057416180	7.553029118642
He	4.103566361716	7.033328191963	-4.934571377507
He	6.141090947475	-4.139099909580	-1.629474259053
He	-6.410350989783	-4.299596735867	4.365631840892
He	-2.053159388345	5.994147942888	2.805145212957
He	7.841531262421	-0.093209616775	2.679946365976
He	2.832924376045	-7.782761955457	0.710684534789
He	-1.724061652929	3.844914956859	-7.111098979037
He	-3.286109081247	-7.577776308703	-0.038745311106
He	5.758778063156	1.070101560670	-4.906969041386
He	-6.949939418679	-2.218350364427	-7.296781427953
He	-8.174220372794	-6.795889678383	8.500932958130
He	-4.469845826193	8.080351582178	-4.290036746088
He	2.539625846974	-7.011105083277	0.174752712165
He	-1.872052384892	-0.329114158536	-2.482969147695
He	-7.844217236583	-1.168688571786	6.188207437761
He	3.474675053502	-7.016869879522	7.169831676424
He	-4.591950484467	-0.005781219366	2.362876830535
He	-3.064103539395	5.443260020583	3.549486724062
He	5.536097081719	2.520932399958	-4.032281518017
He	-8.148182032425	4.306143294365	2.513754319786
He	-6.806017536269	4.867073234656	4.482250835523
He	-7.082394642788	-8.283878267208	3.910732614953
He	-2.733485464766	2.990897892852	5.664013725796
He	6.080213171508	-7.562260175822	-3.316970227378
He	-5.180066040835	-6.671327099319	4.278727394956
He	-7.769168675833	5.538498267269	6.026243709553
He	8.039608924700	-7.734557900979	-2.631407312561
He	1.625175682477	-2.063511119178	-5.840017094725
He	-3.602647666220	-5.208519721241	5.445301499352
He	1.004016747983	-4.621551440580	1.099574990970
He	-5.259539004989	-2.692418663764	-2.685221569012
He	7.861657754644	-1.039662993466	-2.204713642100
He	2.995080296839	4.962001854854	-7.865685551996
He	-0.118216042013	2.361109350690	-6.663559533698
He	5.203759654718	5.916193622941	-4.570500430786
He	0.705176976916	6.882175260194	-7.683871966265
He	-2.045889386289	6.240678501113	-6.654043665014
He	3.961649225259	-0.815251500192	0.046831409928
He	6.760578062754	4.317251154784	3.602697882807
He	3.428569489348	-3.359837781015	7.745532636347
He	-4.249165584331	0.115773527082	-3.598755830165
He	1.704558770767	-0.703674402056	4.125967378599
He	8.138791052776	-6.389699788999	0.436099430705
He	-8.504204571978	2.227234482074	-5.854661021353
He	-6.528818181566	-1.250111546989	-8.590337201160
He	-2.460372688244	8.190215743013	7.056224253154
He	-1.505298722289	-2.536779327058	4.645032951519
He	0.479603536807	-7.256235777471	-4.822088343311
He	-8.250875126024	8.239492598369	8.259549005593
He	3.990768680893	2.986956403935	-3.752158578169
He	2.958991244481	7.472941132690	5.128001143033
He	7.999181338426	0.496394219675	-4.227543061770
He	3.347838644267	-0.045920411331	-1.852856656649
He	-4.993371989676	0.185025329777	-8.277491969213
He	-2.209087086919	2.391357469406	-0.763217322082
He	-2.160478355860	-8.750120902619	-1.224871373707
He	-3.881564175464	-1.520269311822	5.002735493354
He	-8.013841288593	7.694484538070	6.510885910003
He	-4.196983707794	8.178759725133	6.098508705624
He	-4.714744774959	3.488422722244	0.433595314921
He	0.172042570981	-2.233691717056	-0.745333355137
He	-3.477266358744	-2.915616054302	8.515447066768
He	0.934136503595	-8.248883093817	-0.182343147311
He	7.720225771055	-4.507104770407	8.767068384696
He	8.081679725951	2.018958463870	2.506556051354
He	-1.458847660779	8.593630421096	2.520821342855
He	5.955226889623	-3.969039438150	-7.651317763604
He	2.180652310219	-3.247730413657	-8.608703028282
He	-0.085771844426	1.290436191635	8.334442899081
He	-2.764573211561	5.310841729761	3.170995818577
He	6.307968027470	-3.198221383040	-7.714565693117
He	-3.214675392315	2.059662571302	-1.865795553300
He	-3.476538398306	-5.687306608885	-1.350292452996
He	4.980064378493	-6.648186513502	2.906988978827
He	4.969822690431	-7.247612471332	-3.725922360051
He	-1.300931330973	0.028690180975	-3.784161741703
He	-7.557420052766	-2.697188613183	1.011185014267
He	-6.569791892261	8.218614018231	6.527840802840
He	-6.539548996434	-0.548263509977	-0.833592808273
He	-6.982416170111	5.422313591549	-4.174620873149
He	4.827525580685	3.049175943347	1.391543937931
He	5.751905811677	8.569650864118	-5.200663285405
He	-4.891199814381	-3.587993217970	-2.123583700170
He	2.397453656732	-7.289034523258	-0.007384019552
He	-3.472867437200	6.415938488368	1.509389711346
He	1.440156126858	-3.566098526387	-7.113789910427
He	6.294940309265	-2.388368266067	-1.046592321380
He	-1.471184741116	-0.223009845242	-1.479848105897
He	-3.720654011034	1.972591479520	6.736274578247
He	4.084699104803	3.725325622494	3.506718367048
He	8.549024155763	-0.128254480603	-2.095975492353
He	1.163258029046	-3.057454352708	-2.178194430983
He	4.601540667750	0.786496145997	2.998198545167
He	-6.299353105178	-5.497155872943	4.473550224138
He	2.332208807489	-0.234872997057	2.237618909758
He	-4.935711553923	-7.475822545870	7.435906577491
He	-3.410555540240	7.554268076481	-3.604331483213
He	4.181798062489	-2.598022348417	4.937044865664
He	-6.075360116166	2.416473953635	-1.742233457564
He	-8.116395610678	-2.179932617233	-6.668777629707
He	4.029268688589	-2.312014145252	1.967354083810
He	-6.844016876522	7.586394196879	7.674285933332
He	-0.383265375286	3.506829180848	-0.191087723419
He	-6.162376902878	5.942626396865	3.076142597758
He	6.950119245369	-0.406270479427	-5.810600193937
He	0.410428082369	3.393168279736	-4.522036545688
He	-0.930975404788	-8.698492944286	-5.619638271955
He	4.103639036108	4.218455439399	0.546725581858
He	0.263373829014	6.878245636318	-5.688670267254
He	7.160086303669	7.497000346837	0.895783309632
He	-8.286001398796	2.845163351644	7.348155366610
He	2.320298609123	4.736296788208	6.282679760741
He	1.217274469696	-4.328074270860	1.137639146951
He	-7.751123318371	-1.755300852543	-1.571604258931
He	3.963965203496	-3.486287290955	6.786511455761
He	6.792310933668	5.659291112610	1.527809932749
He	-6.507035684778	-3.952789975959	1.593703182583
He	-3.487728024513	-8.530256623632	-2.839711180766
He	5.697943481454	0.468267518467	-4.613335339086
He	8.648219138309	-1.052751861645	-5.768204794997
He	0.766692383293	-0.603602947356	5.841344750767
He	-0.662462322855	-6.964410013905	1.925771736227
He	-3.157092634872	2.988014768877	6.362083667597
He	6.619492436189	3.972041763592	-4.045086987694
He	-3.729421895501	-0.745098708583	1.233011915471
He	-5.720220512498	-2.633893458697	-1.759566774666
He	4.446535344361	-0.405778822279	3.052029443494
He	-2.737071537705	4.841643466294	3.286159013981
He	3.062163205638	1.858481263967	-4.897443262189
He	7.087773790662	1.825594718495	2.814191070286
He	-7.457741077093	-6.088818581994	-6.441281671708
He	7.022549597784	1.983869408237	-4.641305491492
He	0.171011269363	7.561927094561	7.111095471505
He	-2.244215135799	5.500313846968	2.431267440459
He	2.349643800617	-6.910213724204	-6.965701070872
He	-5.194654356670	-3.895283923616	-0.835208335449
He	1.684724800883	-8.129854254927	7.523399036392
He	-4.040555828382	-2.131775479546	3.713172699938
He	7.884549117819	-7.750717957689	-3.080215838842
He	-5.790204217128	8.072206154168	7.509765081882
He	5.662932777267	-8.066640606706	-7.230923302860
He	7.860597029669	7.691059312273	3.517332307607
He	-5.558018534582	-0.819035102146	2.427389599420
He	-7.224233127725	5.671900075141	-0.724166356360
He	3.845980236843	-0.659561808024	1.130006113555
He	5.519225090080	2.880934148392	5.999108392169
He	-4.093293318127	-4.115446734507	6.633640331361
He	-5.347204346384	0.579147758307	-4.150004950933
He	7.004914277664	-0.217408807655	-3.136336714502
He	-4.852611625827	2.727537288303	-3.716000363082
He	-6.120156616703	-0.290635618212	-3.018254767558
He	-4.712133995453	-1.111144264214	-3.979065258033
He	7.444144236263	2.065987514290	3.966285833941
He	1.094223762925	3.576904699650	0.986316106334
He	-8.407252658084	-1.258220747288	-8.325115504437
He	1.361699379581	-4.420101340990	3.320204838074
He	-1.416502301009	0.221755662079	7.969144305797
He	-3.560172042406	3.609701628781	-0.103577738644
He	0.928768930771	1.933510222663	8.443399647821
He	6.431378148488	5.816048909922	2.519067133376
He	-6.061932287352	8.431042606306	-6.423438287583
He	-0.441241130802	-4.962197064819	1.229803642322
He	4.218639535275	-6.199158512338	-5.356078638026
He	-0.592384703543	3.630215571783	6.985212255744
He	-8.383378669967	3.958113226785	-2.924878286182
He	-8.069548250295	-3.361293077416	1.419406566948
He	3.889602519999	3.957354942771	-7.010707573722
He	3.081436753038	-8.283922783416	5.363380249179
He	-5.799451058364	1.379996468551	-1.354979322796

