%CELL_PARAMETER
35.024 0 0
0 35.024 0
0 0 35.024

%ATOMIC_POSTION
Ar	28.8101358421	5.0816851588	30.1566846343
Ar	31.8091206256	26.8173009506	7.9554807827
Ar	16.3800421681	2.39090947411	0.675821069606
Ar	25.4825719051	8.14027556565	26.8950250852
Ar	32.4217650793	11.0698916708	16.4712727741
Ar	4.68474552453	19.2493869467	26.8563545197
Ar	27.0861842116	26.7593079371	30.5343929611
Ar	6.6757168941	30.7480288448	6.0357086279
Ar	8.73932255196	34.9983624639	33.0990594444
Ar	21.7595542908	29.8673205721	14.3123468563
Ar	17.5174345342	2.39634134076	20.8074605475
Ar	3.04064014023	29.6395528294	7.48663626366
Ar	13.2666724936	24.1370523882	25.9190043325
Ar	12.7668272093	1.45095212261	2.29374759893
Ar	33.0733669523	1.67457356566	1.77697279541
Ar	21.0344499197	12.1713456515	17.4996661873
Ar	28.2532446152	33.709987644	19.7967965618
Ar	12.6473222581	19.6480257535	14.6320048648
Ar	12.4786494213	26.2328147704	13.404485349
Ar	30.4364199829	8.71370487746	0.605604263543
Ar	9.83897453979	26.8270523758	25.7342959363
Ar	19.2131700512	0.738516206774	6.73772268109
Ar	19.7420340853	8.07346943746	6.74379824272
Ar	5.9899686927	8.18659851403	27.1173373263
Ar	11.2200324567	30.1935862481	6.93727445803
Ar	7.71299701258	0.767770223768	26.7670104981
Ar	33.0930582263	11.9753307864	21.9995750286
Ar	32.6178540432	14.364053676	13.5661890378
Ar	34.8565273866	7.28736094343	26.3724778555
Ar	30.290125543	20.5751764359	19.9512736615
Ar	31.3256337918	18.6509186269	26.0919347468
Ar	2.34544583593	9.92999148041	2.5857099602
Ar	19.9380514673	22.8262621176	33.8675960177
Ar	12.841861951	8.40993285572	13.4647059492
Ar	1.93103841568	3.27578104994	5.10060362699
Ar	25.3784145886	33.876131279	33.6763871973
Ar	9.54054837747	19.5671766008	8.38625180659
Ar	6.68115965108	2.88118042637	20.9845034289
Ar	24.1980165268	12.9410785476	3.84039434574
Ar	18.3278093975	34.7179528079	13.4685143363
Ar	14.960863092	12.5096495441	8.60249915588
Ar	26.8704768659	8.75901537522	10.5887993375
Ar	6.52195082649	12.1393309657	4.89169220672
Ar	7.64985172757	12.8611204757	14.174846252
Ar	5.8980428873	4.00712068459	6.78202460445
Ar	31.3718099883	10.4190978779	3.69397265787
Ar	27.9825233493	4.05877484053	2.52974513851
Ar	10.133605969	19.2818753313	27.2555339156
Ar	6.50628958548	7.88684988995	5.22442101235
Ar	8.86904385745	31.5839264881	34.4394112955
Ar	3.41071527396	9.86983129787	34.0250282646
Ar	29.7504516795	15.7097047309	25.7430641732
Ar	19.2435356393	7.72594268315	20.4075022244
Ar	29.1144657842	9.07606645996	22.9720215367
Ar	4.36730598355	1.95101351656	15.1120066467
Ar	1.38117207264	22.6853623335	16.2406494013
Ar	24.1331909175	32.1782044671	25.8363099534
Ar	8.10019683907	21.2326688633	29.0278465294
Ar	16.0888982215	28.9802702558	1.43979837832
Ar	22.2212597798	15.7155049168	1.70508419593
Ar	34.497934968	9.43889008214	4.89272863185
Ar	29.020199521	9.84434099957	32.0809663429
Ar	21.8492405835	0.234741757757	33.0284733307
Ar	33.9709621681	11.5474905607	1.60475581275
Ar	3.46723002898	6.45116141496	3.62986354425
Ar	23.6656259889	0.75610146443	24.6422941583
Ar	11.588919849	13.6646992299	22.2140790376
Ar	20.7373992922	9.0499725927	15.1354605794
Ar	11.6644071053	28.6271017774	29.2363457536
Ar	12.0723020105	19.0853909418	18.2770287073
Ar	20.9445200805	20.5583331873	28.3532620849
Ar	2.76298591603	30.3824545008	26.9836182357
Ar	25.2899340216	31.6590232756	13.739899104
Ar	5.76179002004	29.4208601864	9.62765986023
Ar	32.1402370682	5.24901785557	14.2034584306
Ar	21.5112174804	33.2363581328	13.3971505533
Ar	33.4490586742	20.5209618073	15.8223119139
Ar	25.7675495465	29.7748177961	10.6168454045
Ar	4.85858338118	17.747392783	29.8784905987
Ar	20.0533531964	32.0780621749	8.05727193729
Ar	25.7359233095	13.2528280612	0.372379213646
Ar	26.1669849252	11.5028464103	21.4671831835
Ar	1.16341334227	20.8558198146	30.1940136422
Ar	0.22557681808	31.2805151022	1.44978518468
Ar	10.8356402615	32.1311176298	19.1472441551
Ar	1.827211116	19.43216173	5.7446021835
Ar	21.693809605	10.0330958489	11.3447144568
Ar	28.0336972332	30.7611523807	34.0697245847
Ar	18.1684411279	23.5318178464	17.6427367531
Ar	12.8597557082	8.71873690719	8.94950261474
Ar	4.85335079785	27.2609367299	30.3324824676
Ar	8.70891558596	14.1391572428	32.5833531725
Ar	26.4978977601	26.2317805104	24.1623241854
Ar	21.8936289966	10.361147447	31.8522060487
Ar	24.7899265045	5.94348195789	12.4097096815
Ar	2.92793206295	9.88561082205	19.7476189471
Ar	15.8196421655	9.01565229276	34.0607572686
Ar	24.8457003728	15.4127851421	27.6010469698
Ar	5.51470640725	6.76062617898	34.2397852558
Ar	33.8330120515	27.5926191137	10.5784211839
Ar	3.41251052605	1.78911360186	11.1653173023
Ar	16.9788571197	34.4320334785	28.8908707277
Ar	33.3496127149	5.47407726498	22.6521613506
Ar	5.6723934365	11.7724712308	28.4511794902
Ar	4.38538084446	33.7389834454	8.78373040255
Ar	16.8272829966	6.0997324005	0.838823828332
Ar	22.6480509471	9.43510021318	19.2499983238
Ar	27.448933899	4.68242352827	9.95356910278
Ar	2.81977539013	4.55143237962	0.481238019367
Ar	28.7076645001	15.6177697404	14.1697722941
Ar	14.2400433812	18.7650687649	29.7742484967
Ar	22.1109643941	15.6051884027	15.7806842012
Ar	3.80917014162	25.9892843535	8.78754542119
Ar	14.8450237535	29.8313034963	9.66949618995
Ar	28.423236299	23.2979083167	9.53536916658
Ar	11.4313673547	4.66116920272	1.38815110794
Ar	16.662971946	34.1781879396	9.00014282475
Ar	16.5457777771	22.2439072192	27.3673303707
Ar	10.1898068833	18.7694368418	12.133962042
Ar	14.9884858009	29.5420510376	33.2542176108
Ar	10.9374580522	31.664561052	27.5335749086
Ar	23.7652304963	3.2013933262	32.7453596147
Ar	25.5692431979	15.2846244799	15.8898713218
Ar	19.1507376238	9.76686972587	3.10507775907
Ar	19.0533107349	5.553123751	28.0478775261
Ar	26.1478896557	16.0418451693	3.84999064325
Ar	2.1363623022	11.0078196224	8.64588668407
Ar	30.3969278859	26.7809270383	26.9267509993
Ar	23.6144335074	10.1444512628	6.1641396279
Ar	18.5344855303	23.1716739284	11.9320826304
Ar	23.4555051588	19.7911064957	10.3608056948
Ar	14.5668070031	24.6290149945	29.7079065357
Ar	4.21031169739	14.5512802132	14.5646726836
Ar	1.18025892456	3.38323337569	20.7791030001
Ar	9.36915085884	28.4838361725	3.42331647127
Ar	9.8610644748	4.06306876311	33.0777135561
Ar	30.9927625431	0.445991794205	4.5568160502
Ar	5.39119844636	2.77180101967	24.0595064107
Ar	33.9485541056	18.9153147378	22.9946452204
Ar	34.1088655826	4.90055614542	17.0178730476
Ar	6.14298371456	13.2699573464	10.984206492
Ar	12.4180825804	20.6237382629	4.05336676742
Ar	18.4006870623	11.8521848652	14.9095808618
Ar	3.94385970379	24.3486071976	30.5332448176
Ar	30.793495627	18.2531136719	17.2902741958
Ar	33.3882064535	15.4783930485	27.7229078702
Ar	14.1806232432	16.4602008544	27.0059359576
Ar	13.7669097137	19.9811992259	26.4633099413
Ar	2.48147193557	13.1473496173	18.161313225
Ar	2.8757184052	25.9310953716	5.28519486016
Ar	18.3757309516	31.8020262959	23.4759723481
Ar	19.709967814	4.06147086737	24.5393367246
Ar	1.61006774604	16.6118534717	24.3434185082
Ar	32.8925287897	15.667101406	23.9605410229
Ar	29.796531466	29.0988390775	29.4930668514
Ar	7.08571923759	2.24502690888	30.7905970141
Ar	8.9524355432	11.1227415807	26.0158317102
Ar	29.7183432639	27.528965067	22.9730505216
Ar	6.5793062699	20.3472298095	4.52245353703
Ar	16.109685393	7.88430834996	5.86709310626
Ar	28.7471873638	5.6669539268	34.472519507
Ar	17.4914157033	31.3849916461	16.8186867134
Ar	34.9887751791	1.58046584819	28.901795891
Ar	8.12193147186	26.9627031102	12.4918285427
Ar	18.5243521113	34.1816715054	19.5663025954
Ar	10.9005836456	25.1976820671	28.8838319127
Ar	12.5013545019	32.9211130044	32.318427922
Ar	20.5523783282	24.5378998805	21.3112489328
Ar	27.9822220287	9.31777179827	14.0244966584
Ar	14.4951255137	32.9855692803	12.1025762747
Ar	10.917841598	17.8196741835	34.7096760082
Ar	15.1416923296	12.8187036257	32.9257235373
Ar	29.2567870231	14.6794831564	1.50354796109
Ar	26.679592507	13.7482545839	31.009097282
Ar	32.2749700771	34.6980881334	29.9235774919
Ar	21.5973381695	4.39051881264	20.3873745371
Ar	9.4913946391	4.04239875672	28.2407484695
Ar	21.909869871	32.5643539333	0.365522496274
Ar	5.8652023942	4.64488204171	28.2493391124
Ar	3.36160119948	14.9840706007	27.0350640978
Ar	3.76792173632	29.3298451778	23.4982031044
Ar	30.7241169386	21.4006954458	32.0706507084
Ar	3.57396154919	4.88539168024	17.1413579266
Ar	5.62934258437	19.3927947873	7.67424367363
Ar	8.32531412346	19.5761546956	1.78699996541
Ar	22.4454570093	7.62188788059	28.5714829133
Ar	31.8939688292	1.15202720062	23.5597657881
Ar	34.3434405346	15.0293152695	10.1063467147
Ar	8.04415103816	7.02014669767	20.4022512641
Ar	31.0142276638	7.53178802222	30.0458589381
Ar	23.0288703867	23.2195365962	26.302308778
Ar	13.1544345204	33.2985796207	3.75845363775
Ar	20.3796925816	25.7702111301	5.76024535082
Ar	17.6858289958	27.0300596253	24.4022863703
Ar	21.1492291544	4.45300432332	6.67820245991
Ar	23.5411021989	15.3894195514	33.2207704957
Ar	9.29861158757	3.77802079581	4.83143106455
Ar	20.4911324761	31.9120135831	4.28327389857
Ar	12.3351364249	4.98207523006	26.2099882779
Ar	21.8744159556	17.1919722617	28.7197416703
Ar	26.7954839731	15.0013783165	11.2809511015
Ar	19.859702639	8.06442056898	34.5284501167
Ar	29.2858709244	34.2109685012	31.6979208573
Ar	13.0477162553	27.2643654699	1.0904593373
Ar	6.63235331145	34.8523887985	16.926857269
Ar	15.6635621705	20.7440841268	10.9710098979
Ar	30.4498826243	28.4852310689	12.1648707513
Ar	28.2617385907	12.2572159821	16.4671482124
Ar	19.398083752	28.4899625103	3.72498767738
Ar	33.0693813849	31.3355833846	9.92235337396
Ar	24.6115040914	7.31283519885	4.00247282244
Ar	29.4132354553	27.084877337	1.45909799562
Ar	3.08861254101	15.7265455562	20.5505655242
Ar	32.5782064267	26.1609923343	0.816767833293
Ar	8.61011699765	23.4427691738	11.5315799706
Ar	10.1574746497	29.2900381233	15.6613173595
Ar	34.6430611294	33.0453948485	7.13016196448
Ar	8.0012374426	20.6984759367	14.5609562035
Ar	19.4250052159	5.18115227734	32.6697852074
Ar	0.962242993456	14.6410756922	29.8597524526
Ar	3.33264642255	29.4569371143	0.665727720584
Ar	21.0871471518	5.98177425261	13.4581126226
Ar	20.1664382464	18.8074263075	25.473744447
Ar	8.78484776204	14.1773415068	1.92230779166
Ar	32.3572394613	13.8841960617	31.983077905
Ar	19.4830558493	26.1167601117	15.2600517687
Ar	21.9824784258	0.770283388142	19.4598672518
Ar	31.3439484035	22.3340572672	26.6903417306
Ar	2.12286544537	0.956563773242	32.3930239008
Ar	4.41852105829	0.0170554210158	21.7214459607
Ar	15.8109204253	21.141515785	3.75073728054
Ar	8.56232507871	21.8804433451	32.8349577639
Ar	6.08245508895	10.060748149	8.37494945329
Ar	26.0982176982	7.33210217608	30.5349369363
Ar	21.3059211173	19.629520351	33.9019906013
Ar	17.2727070429	15.0585076345	20.9235536318
Ar	13.9744977085	23.8995147073	2.56697726286
Ar	2.37574014576	3.76436871268	27.23856242
Ar	27.6670807877	15.5689514908	22.9224873724
Ar	15.6052427336	8.94002089043	16.6640858584
Ar	24.5609793056	22.8975078766	8.35940665953
Ar	26.2148974323	16.9701710431	0.454214541148
Ar	24.799705214	11.5009618673	17.4831715083
Ar	18.6643699609	14.7662525042	2.6606828856
Ar	11.2708580049	16.3511248277	30.4082139238
Ar	2.98523084651	28.0018891138	11.7564231027
Ar	14.2782912125	33.5554921533	25.9728041223
Ar	3.07836074227	34.3075215797	16.3769092441
Ar	19.9260849837	11.2205922052	7.69777868412
Ar	31.87139804	2.50028572671	26.5307783382
Ar	11.4123007997	12.0231201939	0.563373589941
Ar	24.558491096	7.64688539175	21.2580309043
Ar	33.4425389911	22.5968053939	29.4262846314
Ar	26.3446890675	1.69139175342	17.7853758365
Ar	30.3214945087	7.31270568201	8.88167743096
Ar	21.1300086657	17.5916543486	12.6278285819
Ar	2.02188972919	19.7409712379	18.7782246462
Ar	8.00207589345	16.7320628266	5.07431898807
Ar	18.2864577336	9.09943530076	12.7887703214
Ar	33.4244206036	4.65417047169	29.9120583386
Ar	10.1497529051	0.388263431939	29.5418086355
Ar	5.99413380001	18.2089983013	15.8950741301
Ar	31.1412347855	23.1380947839	7.18587706548
Ar	28.0646448027	30.1130454354	25.3881961152
Ar	1.90272248049	11.0584992416	23.0216566492
Ar	19.579270908	21.0449448253	2.41163013147
Ar	14.2281590799	2.46900451297	23.3733807294
Ar	28.5188037665	8.31561962573	18.7878305277
Ar	5.16048938383	19.5062476391	20.5025474818
Ar	6.58099358175	29.3005438585	15.5732847349
Ar	4.01191144434	31.6381310534	21.0219039166
Ar	15.4267773491	7.32348851288	19.640507324
Ar	2.18333402394	30.9641732047	4.43527592314
Ar	17.0403146043	10.3285729192	19.5672634874
Ar	12.2004525064	8.33332172806	20.8845975711
Ar	34.2521741295	30.4419641554	19.2373790356
Ar	20.3835673689	21.0526680983	22.157460832
Ar	25.8131227897	7.43876186382	7.32852874624
Ar	10.4880287503	22.3546244724	1.42739754301
Ar	14.4709349623	32.9902917936	16.4116284836
Ar	12.447481828	3.22808070012	29.6740251188
Ar	10.9700818004	25.1751105327	4.11750548028
Ar	22.5308092471	30.8139003612	10.7619666907
Ar	12.488410571	6.19724459128	6.09688549172
Ar	6.04601239429	26.8611640928	24.1382955649
Ar	13.2315371015	27.3255303124	7.09474285403
Ar	20.8353635074	2.01025252564	13.1260783594
Ar	7.11369761789	24.6850713042	29.4964429853
Ar	17.8000106699	6.97057530868	23.7818329527
Ar	30.4916798998	2.31456505838	12.4093826039
Ar	12.6125255569	4.86846248977	10.5135510505
Ar	29.5195835882	12.0433807306	12.666809979
Ar	28.8499172298	31.6302614624	13.2893800747
Ar	24.2128237196	16.7925841463	9.61781847531
Ar	5.83593468179	2.4683079808	34.7335760635
Ar	33.5278605029	25.5881371061	4.51586782145
Ar	2.05861263459	30.6930506072	17.3108904626
Ar	31.2950728198	14.0788898837	18.2002108314
Ar	1.13632415979	11.0352270344	30.287501367
Ar	9.62067774146	8.31885566338	29.1824254115
Ar	5.20491793614	21.83707816	16.807292961
Ar	22.7897199419	13.3071185763	29.4143433727
Ar	7.37740388905	4.1820784516	15.108521683
Ar	15.8823229469	33.0114896215	32.6014334891
Ar	11.6440610649	10.6112373078	23.7796407819
Ar	12.2229320854	22.8167305037	11.7824999981
Ar	5.16619190658	22.8424238037	7.02610782452
Ar	1.10727090014	25.6214720947	17.9084369611
Ar	8.05980111536	9.24205946823	15.6463159356
Ar	5.25410337895	19.9798942312	34.6394696955
Ar	2.12884903604	12.4383722562	5.50714476805
Ar	12.2365064299	13.1642930998	30.710131911
Ar	31.8099708236	17.1324878315	32.8608994607
Ar	7.01628680166	3.66082580086	11.1758513981
Ar	12.4094335913	16.3943559667	2.85339468287
Ar	9.79937046243	8.34530046777	3.33775472983
Ar	18.0940749084	18.8099283434	30.789884914
Ar	0.271187968363	28.2958805698	24.0556257825
Ar	14.4905286456	25.6841881919	32.8419047039
Ar	4.93317996825	28.57408059	3.61474330832
Ar	7.06359101925	16.3476925451	19.4509448558
Ar	21.1614280451	22.3857755894	5.74024365223
Ar	22.6485429494	6.93469981815	32.3011024846
Ar	2.2367045602	21.1356068509	22.1613209644
Ar	32.0634331412	25.4207540539	15.0810268203
Ar	27.4689940779	19.7496904023	2.2839346888
Ar	1.22371581551	16.7928254309	13.0200117179
Ar	27.7368752552	23.1219538108	20.0599167011
Ar	4.34104658019	12.6959716697	24.7208763632
Ar	32.2026725668	15.9408355397	7.40096693553
Ar	33.2592816013	2.78327510848	5.6203203969
Ar	20.1538645176	14.3531510847	10.2243575828
Ar	3.48709084809	6.14362976345	24.9927123854
Ar	1.28681516406	16.6721247465	3.40907010649
Ar	12.3800151069	21.2698539236	8.21738396022
Ar	5.10129736597	26.9049006957	20.400297866
Ar	28.7204350072	34.8466916412	25.5007931569
Ar	31.6039792065	5.95943332948	26.1601043262
Ar	7.7119731201	18.4088596645	31.5363922826
Ar	23.4411442127	4.09425853364	23.2634350868
Ar	22.7222585152	10.9942528328	22.8269731757
Ar	29.5118781252	30.4710646995	9.2971698683
Ar	3.13385550324	31.7237639588	13.6892646363
Ar	5.9318273375	34.4295909813	5.28577852837
Ar	16.3897541998	30.0260765796	13.7498956051
Ar	30.2639884182	19.9699180891	7.76307058151
Ar	27.1453282109	22.9096463659	32.0548555493
Ar	17.1915852425	18.5460037046	20.7820384574
Ar	9.27127353848	7.67079325605	34.5348981749
Ar	30.6226565908	13.3804900611	5.90043148814
Ar	25.0044474589	25.8230623148	10.8535576049
Ar	26.885691329	26.1058815777	34.1070530106
Ar	16.2467647541	6.87465186859	30.8426452106
Ar	9.44419259672	15.7640219765	16.0513160089
Ar	29.3968769678	23.6578233879	13.0981450577
Ar	2.96510623697	32.8095906283	30.5626358551
Ar	9.24200152591	8.68930033955	7.4552490051
Ar	27.2630129891	3.64215917623	13.6903833446
Ar	2.26493509571	34.9985770617	5.29758356935
Ar	14.149419416	32.6368420228	20.1247096666
Ar	28.6440873175	19.2613313235	33.9698484277
Ar	15.7439708062	14.1702735854	11.9756649004
Ar	20.7931659753	23.7194355884	30.0035594519
Ar	8.81106976751	34.9422587195	20.395822175
Ar	19.8779507257	9.60286243007	23.4337923582
Ar	15.8314913176	3.05304071361	28.624326326
Ar	0.509257504763	31.4502495422	22.7955766148
Ar	28.229668334	34.3671913453	2.94351692905
Ar	33.9918824615	20.0165686636	32.5728724055
Ar	6.86680653266	6.20651096533	24.1613704024
Ar	8.33076424932	1.83502691098	1.799757009
Ar	33.1748560911	23.3064910089	18.289548001
Ar	20.2555382697	26.1657756445	33.6471676191
Ar	10.062840772	32.9541651077	24.2924062306
Ar	20.4982925988	12.9828067528	4.70449905856
Ar	26.0783113559	12.1220763519	13.8404652334
Ar	26.6687776333	27.9897715543	13.523883204
Ar	18.3461899699	6.66814106571	17.128747223
Ar	6.21725937449	32.2475331912	27.2413250235
Ar	24.5618464682	19.3901350345	29.2931103087
Ar	29.0942983121	30.8787626479	3.53539811947
Ar	23.1706531634	34.7668608018	10.9929649684
Ar	23.1321065573	3.58347962576	16.2717051985
Ar	2.20823352999	22.4879149915	33.5521635967
Ar	34.7947678734	32.4334313576	15.4487793185
Ar	15.1369652551	29.2444584505	26.0276703696
Ar	32.5331653558	10.4772757488	27.4313925503
Ar	1.25335417045	34.179711918	20.0635280046
Ar	12.0922489733	29.4183185349	20.5437195533
Ar	30.6769744267	3.49319599535	8.39740066637
Ar	20.7422417416	31.0700111501	27.8548085173
Ar	25.4096677429	32.9320718054	17.3167828091
Ar	23.5790502466	19.8637815717	25.5633029338
Ar	17.2598209755	26.7322298982	12.0982188435
Ar	1.46346866252	17.8543984173	27.9598700618
Ar	8.17455182322	15.0171589166	23.5024168253
Ar	29.2306003377	5.25221327455	5.84195655797
Ar	29.9460100112	25.6776840469	19.4375628583
Ar	1.39926697374	8.49630449022	16.8369042071
Ar	4.27206542683	0.0106853218449	25.5683446598
Ar	32.5298841463	33.6190333059	20.302421997
Ar	12.086735244	34.4657027838	6.70775146997
Ar	6.33092907953	29.2316873596	34.3926716024
Ar	4.68073090483	25.3758673076	26.9489672488
Ar	6.96225490234	16.6414337619	26.3421380125
Ar	28.6126101885	25.846386299	16.0607788611
Ar	18.9239452745	0.237491044732	34.5818607152
Ar	31.6988877755	9.21701546454	12.7619672231
Ar	0.50969094943	24.114101684	1.42998361058
Ar	22.5513956312	14.8947095671	6.15874962218
Ar	14.5353199444	9.00923598148	26.0460439784
Ar	1.36358057465	13.3763863131	33.8465894594
Ar	13.2340852391	15.8446732054	16.1228006056
Ar	27.9106806548	16.2853673775	7.75040474965
Ar	32.3977023765	0.28693271405	9.95738841649
Ar	30.8586743651	22.0576370579	3.76879810633
Ar	18.5783769097	18.1399358669	3.81294200629
Ar	8.43387091047	18.4572639199	23.1649802
Ar	29.9314780379	22.5155480802	16.8047185783
Ar	28.2644914473	3.56515489579	25.1773729508
Ar	0.830575579684	20.8840410142	25.8728798015
Ar	19.4869526875	1.42338623173	9.9725991018
Ar	21.9954138293	6.71491251197	17.4113841499
Ar	25.9059938992	29.2927091895	1.18537832129
Ar	16.3009858324	17.8018548981	16.8989097505
Ar	11.2192126378	24.2305316814	32.9818511281
Ar	18.9325363331	28.1929201753	17.7452832648
Ar	19.2672579755	14.5840243898	27.4652842801
Ar	15.147379356	15.5433848641	30.6286687349
Ar	32.9559430433	19.287644019	28.9996273478
Ar	22.5243198152	4.42049306136	26.740626787
Ar	30.4515511032	12.1040441807	34.5466707181
Ar	29.7842058863	5.43151933646	22.0541278361
Ar	10.385389301	1.4418254981	10.3744238832
Ar	24.426557701	33.3127082807	3.02875459141
Ar	0.624855386616	15.3182131235	6.77103018748
Ar	34.7938355625	28.2576262812	34.7052382161
Ar	23.2498887854	21.7511990935	2.50053708479
Ar	4.84320061298	17.1491482127	23.0641133714
Ar	9.24428251189	28.824702537	9.46042906253
Ar	4.75910031485	15.3895966579	3.32971270048
Ar	33.5222106591	26.8827695203	27.6986422227
Ar	27.0828695876	18.6299772519	10.3011304239
Ar	32.2133259606	4.90617813399	0.223785043946
Ar	8.43851703424	26.5305095734	16.7406798443
Ar	31.3366073487	6.61898631656	3.42975978607
Ar	17.0305973739	18.5168170919	27.5285151469
Ar	24.2413929132	17.0227393567	24.1151085133
Ar	7.12943516338	23.9060058753	18.6580826457
Ar	14.7415105301	1.62607670993	14.517088834
Ar	8.90333776706	30.6861757957	31.0271494035
Ar	18.040760784	34.133690022	3.07884908393
Ar	6.23432468142	24.4893493892	14.2276371083
Ar	29.5388263152	17.6026756839	29.3366799792
Ar	11.959740924	1.47100590517	33.6475819865
Ar	33.6620117192	19.4087545666	19.17745606
Ar	2.61678232479	25.2899159788	23.9341097648
Ar	16.905618892	24.9295616555	34.9674325848
Ar	10.4255256251	10.8297344714	13.0319312544
Ar	7.13370821526	16.3171312327	13.1364473783
Ar	30.3968951074	15.3955331451	10.6009027951
Ar	16.7155302664	28.6972428415	6.81921886049
Ar	26.433620006	9.69352094268	0.700710095162
Ar	8.58255194624	26.2627748136	21.8647172349
Ar	21.3564350677	32.5971442783	17.964000034
Ar	7.29417080636	16.627224686	34.7117878861
Ar	6.51566413188	32.218090872	2.07787714271
Ar	17.0411137999	1.26129148669	25.5503973254
Ar	2.20786850741	6.58089198626	29.0831787488
Ar	9.59435649191	4.66489900225	8.72274068219
Ar	22.3451382047	1.79163292674	8.16933165212
Ar	26.4808675742	27.5403707065	3.95801535661
Ar	27.1289584958	29.2570750739	7.02496640655
Ar	14.2718505101	24.4943499549	19.4226640461
Ar	29.4037988872	33.7445463981	10.4926394819
Ar	18.1596027513	15.3969024659	14.5638389701
Ar	22.2748547427	22.5957744893	17.5681271602
Ar	23.4105230772	32.2628016061	29.8379356291
Ar	34.7643434612	32.9120793427	33.281912727
Ar	30.9224970565	32.9654926733	0.560429966823
Ar	16.9382131614	2.95465534977	11.7247510445
Ar	13.1141843824	10.2972552759	5.42835242872
Ar	5.01276017293	12.8211052602	1.35242492377
Ar	24.8518434112	19.0816573153	6.99113989485
Ar	22.6383707241	12.2149870603	14.4271234067
Ar	33.9130883359	3.46263621578	9.89701658202
Ar	32.5547666477	18.329710135	10.4800220824
Ar	13.5135163201	19.0994291634	21.9864788777
Ar	6.29904536351	13.0128570606	17.4274432629
Ar	33.6819275479	24.521332657	25.4159968249
Ar	25.5340791751	0.430216920494	21.3660328474
Ar	18.4822250724	25.0290679107	27.283811616
Ar	27.9930799065	8.62687091919	3.70106381239
Ar	16.6807344695	22.0195943629	21.4793732713
Ar	4.19118293793	13.1188841954	32.142711963
Ar	1.00297003436	24.2844574663	21.1938027691
Ar	12.5690481812	2.81466005929	6.87260232319
Ar	10.5129843629	34.2860895102	1.05543658031
Ar	13.4247489005	34.8569043377	29.1485021173
Ar	9.16128773622	30.970305978	12.9151850581
Ar	25.5515356421	10.6070849369	32.2911052323
Ar	19.0589901525	6.6669713854	10.2705666291
Ar	24.0550932701	17.1027047869	19.4274205563
Ar	7.86656556886	31.8662921723	21.5432288194
Ar	0.249813034641	34.9118627802	23.8208820777
Ar	13.413891451	7.46747409512	29.0786965777
Ar	25.849119608	22.2974936733	12.3590574168
Ar	11.6996531796	26.2214431367	17.0664539728
Ar	2.07678515258	7.91397839475	7.07001667659
Ar	24.3621448106	8.83696805956	14.9759941023
Ar	0.593063772439	33.0087041646	11.450802969
Ar	32.3637071397	8.53298860668	23.6488953109
Ar	6.17916003401	9.18009178523	1.90589825754
Ar	11.2790010514	17.1065549871	24.4923291205
Ar	20.8010385956	34.5552347883	25.9454652514
Ar	12.2562305354	6.75883742996	17.1466821609
Ar	12.1627246818	1.42918521207	17.0219952251
Ar	13.3712265826	6.02353634082	33.097994646
Ar	8.17519314181	21.8924354973	21.3570311389
Ar	28.3542538984	9.92054080899	7.10935827725
Ar	9.05313363738	27.0490765999	31.7167943165
Ar	28.4595050888	20.6735215108	28.5823056247
Ar	20.6762218261	18.1352005267	7.71293480187
Ar	18.4657581235	18.5125515972	10.82214584
Ar	26.2055895553	1.09229947843	9.80852000444
Ar	31.2470514886	31.9231668112	17.3564185187
Ar	14.0907308334	12.6834314079	19.8242127096
Ar	12.111484108	13.221783126	3.80790570064
Ar	34.0526947854	29.0973956866	5.54187808156
Ar	28.8009030704	3.877426816	18.4662980431
Ar	27.5829493792	18.6376287904	21.3341015671
Ar	7.77361584653	23.6660245112	26.138998932
Ar	0.0714539765099	7.99434551908	0.71560006009
Ar	21.4491944634	26.166354538	27.0859166232
Ar	13.842927065	20.5287761722	0.47357981137
Ar	30.7573006608	8.02538136936	16.1198942851
Ar	21.2131621969	14.0913350357	24.0908185016
Ar	2.21905076062	18.4576709546	32.9640027999
Ar	32.999614565	6.05366844562	6.78673592789
Ar	9.66337309087	32.9289489141	4.5233036655
Ar	13.7066616567	11.3041262214	11.7476187303
Ar	16.9300919417	29.2271034216	21.3243544431
Ar	9.86767410439	14.5958464489	26.7752072543
Ar	13.7247570703	23.7329068868	6.01265630006
Ar	21.4506421893	29.03060719	6.83787022609
Ar	1.02359259156	7.50723680469	22.8815105186
Ar	16.6264815987	15.4218431582	9.08815676792
Ar	0.931183948482	18.1686339104	9.77638923953
Ar	5.58476683293	34.0704595303	34.1897842187
Ar	10.3545981127	4.82351767565	22.6678718835
Ar	15.6335747175	27.5728163966	16.7274145878
Ar	0.37026027071	3.61941689904	24.804584968
Ar	19.9180999833	12.5526031413	20.8230742843
Ar	23.2406311139	27.8576671508	22.556479062
Ar	20.6528560256	16.9620995852	21.2346702654
Ar	14.9599661554	9.85229001336	22.6755774991
Ar	17.999295717	24.7662772698	8.48845133477
Ar	21.6398493314	12.2546830744	1.26957608983
Ar	3.99956464525	1.18208644295	29.0275351318
Ar	1.06977426436	27.6328564237	2.9636724783
Ar	11.2061258902	12.1908157903	9.89786250968
Ar	15.3681001556	6.40484142513	9.68081839393
Ar	9.18037584267	23.1625611541	6.81867299551
Ar	29.4912343521	17.043618958	4.79132056226
Ar	10.6435557705	4.18534712275	13.4010598625
Ar	19.0486030206	9.17564775283	30.214204412
Ar	31.3533489515	21.1655896404	12.3055663509
Ar	28.8281580243	6.65535608097	12.5978795615
Ar	34.9957415769	22.1355481783	4.28289032704
Ar	15.228738104	0.919364046436	18.4157145811
Ar	11.6752868135	1.55909554204	20.6118415332
Ar	26.4417770744	23.4997982708	1.49489994858
Ar	19.4827218999	32.7553649012	31.2626547303
Ar	1.8017330161	28.1813866592	20.2891243637
Ar	10.7326468045	21.4443741082	24.1147324967
Ar	14.8463013369	34.2231817685	0.853790344398
Ar	17.4276062929	3.89498192114	7.98805036734
Ar	22.6409456999	17.9608342561	4.13522158015
Ar	31.8208524624	31.307659458	30.7576629852
Ar	15.1066709103	10.2798282287	30.6387237677
Ar	7.66583843255	6.87071512907	31.3672088034
Ar	5.7000066787	33.0037543217	11.7917061533
Ar	14.2269781371	1.21579549338	10.5771484245
Ar	6.67418293749	33.8167402412	30.6959155116
Ar	2.49254197184	21.2813636768	9.20016676288
Ar	27.5620044418	14.397285047	19.2299631083
Ar	33.8026725408	29.9873373849	13.2348784156
Ar	25.3063268616	20.5134477453	34.4574978418
Ar	22.3092143309	7.50268258995	24.8468207617
Ar	8.77232755527	11.5506374562	30.3122479152
Ar	11.4684444587	9.97404249544	16.2781591349
Ar	11.9205692007	15.7290069969	12.6604666773
Ar	7.93271028727	28.6437761633	28.1815737405
Ar	17.9634747079	12.4253732489	23.4846707527
Ar	17.0729310355	9.63595008307	9.2550110145
Ar	3.30551930886	22.6104728874	13.5196644548
Ar	29.4335290987	23.9208321851	22.99500834
Ar	25.8415602889	23.6224770969	28.3353418703
Ar	17.5510727814	3.54537785284	15.5826601969
Ar	17.9600726227	31.862828126	34.7458377899
Ar	34.5197065376	17.331947992	0.484635140832
Ar	34.3951190928	17.2130292312	16.5551281556
Ar	15.4355655919	24.3964600692	14.7838921244
Ar	27.2253877328	29.7094351755	16.1627106806
Ar	25.5493662405	26.5312684241	18.4147210426
Ar	8.11992127275	0.642343065977	13.6748281074
Ar	30.6424067749	28.7774672241	15.8493514677
Ar	34.5618079492	5.21170416846	2.81099220849
Ar	11.7248204353	9.4295255306	32.4229193896
Ar	2.78254508112	0.256976711577	1.40257116367
Ar	12.9132373068	30.6790531335	23.6756853923
Ar	34.3140203145	33.2944932907	27.2869830957
Ar	0.426582987585	24.100615487	12.4236470996
Ar	15.6290942315	16.1065302276	1.97678022792
Ar	32.2267481402	1.77954006178	32.8142764853
Ar	0.549285757783	3.89923126703	32.5917013497
Ar	23.5708665435	20.6633056308	20.8443675411
Ar	6.38518114057	31.4038228977	18.3409353545
Ar	3.68987812639	18.7717697414	12.3743225786
Ar	22.7484906145	33.6675498731	6.34858517962
Ar	27.4328422272	29.5781609446	20.2836382304
Ar	4.87620687594	20.806425194	31.3589001849
Ar	23.1885072408	28.5107298567	3.91426260788
Ar	4.98141350207	9.06994573024	30.9026540968
Ar	32.3259352927	0.509236549776	14.509565236
Ar	26.6424512455	6.42501058548	23.908795235
Ar	16.9579595632	19.4331100093	24.2234650959
Ar	24.6895760696	24.8709554199	21.6032323802
Ar	32.1090122427	24.1133770056	11.2056934539
Ar	30.8680056051	33.2455869294	7.47801852653
Ar	19.0557403802	15.5763837781	6.26897287702
Ar	1.76712496291	5.46505063272	9.50465766741
Ar	25.4388759228	32.6282506393	8.71851280539
Ar	25.8370067744	13.7858500225	6.59202899113
Ar	12.6864283779	30.0111275046	13.2694313488
Ar	19.619507954	0.405832116338	22.911616524
Ar	29.9865900493	22.6610836949	0.418270930484
Ar	14.4139248327	4.42387850283	18.1393277519
Ar	0.0113365926267	20.5332569045	12.4773345214
Ar	23.3215547801	26.7615738765	15.3264522042
Ar	0.0315037821257	12.6961185749	26.6874595734
Ar	4.33370805285	5.4817393034	31.4540512149
Ar	24.5950508476	28.0519125195	26.7242404886
Ar	14.4285809592	31.0118273221	29.3214033462
Ar	29.510805433	26.6780728581	4.89473547435
Ar	3.3206752083	22.3737376663	3.85981616563
Ar	6.4229884695	24.8440008852	33.4675845125
Ar	6.86529925316	19.4642687019	11.4506125782
Ar	20.5946078947	0.736524990646	29.9020054135
Ar	32.3584297219	26.5308113834	31.0949143451
Ar	0.914278602107	0.970525777037	13.7684610581
Ar	20.3906334322	21.4849198326	9.51495826021
Ar	28.5599300032	0.0949033520176	14.8817083879
Ar	32.7782262344	7.45692153542	19.4648716178
Ar	12.0161498902	10.824652015	28.033501886
Ar	4.91435388387	9.44863483868	22.7090365128
Ar	30.6189226143	17.9808903429	1.25668337387
Ar	21.8962299776	10.7574348152	26.6446026256
Ar	21.0796679144	19.3255998383	18.6468401488
Ar	16.4171379861	11.654211559	1.93812460858
Ar	6.97665618285	25.9581738991	5.30922892065
Ar	2.70695440803	26.5263373462	33.6034682872
Ar	25.1956452877	5.59000012356	0.0532549223908
Ar	24.2625909313	27.1669965089	7.18375752316
Ar	34.4142608425	10.4690814192	19.4747217899
Ar	15.556268613	26.5156837494	4.39034400665
Ar	9.92206983702	24.5088438092	14.6437709044
Ar	32.6258561493	12.0456161777	10.6107984768
Ar	9.33156658296	26.6196115983	0.25975803143
Ar	3.04372829746	16.7441729118	17.0324380962
Ar	12.4819435496	21.7093174636	28.8625716676
Ar	14.2831099122	21.9779733805	32.1385163015
Ar	29.3525626457	1.36072207258	34.8400935227
Ar	5.17036162212	22.8262529858	10.5750553373
Ar	4.76299206252	2.80567724607	3.09878453089
Ar	17.0366187425	13.7293022493	17.8221656855
Ar	34.3698662039	1.20335507783	17.0770143291
Ar	1.37154783284	23.7443821334	27.7836498071
Ar	14.5699124669	12.8110404107	25.600132899
Ar	13.8505667645	29.693331269	4.37002370884
Ar	3.58287477006	23.1884979107	19.479263473
Ar	26.3299826081	4.3315847573	21.3905317888
Ar	3.63481875367	10.4169961951	14.6288963079
Ar	20.0822130169	6.24607927566	3.68825540358
Ar	33.2991600365	18.8024017335	3.74428237533
Ar	17.4116688819	29.4992839132	28.8575739949
Ar	29.8371946026	28.032701439	32.8639484303
Ar	25.45159483	3.75383800827	28.4558267037
Ar	32.8601416772	26.5129556723	21.4855947692
Ar	2.41530018558	9.78741201836	26.7613122969
Ar	4.62231124597	25.74646483	17.0015119125
Ar	8.01148886038	33.5400863664	8.87672023024
Ar	27.1944969917	2.67681440319	32.5800896426
Ar	23.4641409367	4.31321432789	3.37780246875
Ar	12.3477848851	18.1272174803	6.4129089955
Ar	7.11942554216	5.49881759276	2.17982930286
Ar	15.7568034491	1.52999345747	31.9395036471
Ar	9.39556747907	14.3229674884	6.77216572083
Ar	18.7384157371	11.4747112179	33.2371858205
Ar	32.9553657444	22.5653169347	22.3679895639
Ar	30.5935842069	11.9643122934	24.5419147087
Ar	29.6579091544	24.3759343716	29.813243711
Ar	13.9198060721	16.4588707524	19.5613469319
Ar	5.46640674937	23.582533082	22.1410125398
Ar	26.2123642367	22.9403543056	16.3056190357
Ar	11.5609622483	31.6392131939	9.80759416467
Ar	21.779538773	25.3259827738	8.84464729255
Ar	14.5495657414	15.8694773889	23.6730783625
Ar	26.9155307727	32.7354647905	23.0570764821
Ar	8.68711346096	10.1796373478	18.9779568641
Ar	27.4585845105	22.1970829199	4.49722695274
Ar	3.83747722643	22.1287748878	25.043625354
Ar	24.0681523293	12.046810172	9.7035791177
Ar	26.8993316827	6.08524569818	16.3943110752
Ar	20.9521636454	29.463097624	24.7991281617
Ar	23.6012535879	13.7922427256	19.9278582
Ar	17.2849192531	12.8551008723	29.9488671011
Ar	29.1317111724	15.1428022577	32.9098895668
Ar	9.95477432126	7.77559990784	11.1679150759
Ar	34.5144599123	13.7496993238	16.5474223931
Ar	27.1117144414	17.8816133975	26.5664114339
Ar	17.7078272474	22.5663683351	31.0480067079
Ar	32.3388757527	2.73801942138	20.556596993
Ar	20.433697854	29.4328565477	31.2906657107
Ar	17.8867264104	26.2027193001	31.0821644157
Ar	14.233539335	27.3818597532	22.9147318603
Ar	16.7908556994	12.3868852525	5.74773108081
Ar	2.51106803837	14.1764328596	10.697217039
Ar	22.0591690027	4.53738334822	0.327089912353
Ar	31.6608345245	17.4861062293	13.8755955491
Ar	20.9808258945	29.2544246701	0.451039101057
Ar	32.166135306	29.533112806	24.8914200099
Ar	14.8936927135	8.46866757815	2.5012258408
Ar	17.3194417668	20.7387516378	34.6220885901
Ar	14.5266239051	25.5808502545	10.0389271535
Ar	8.33757733077	15.9494236399	9.92471273197
Ar	21.0843875932	1.67388602672	2.45331721576
Ar	30.8023683381	1.05018829183	17.7474685005
Ar	4.37877474521	15.0752550269	7.11491443285
Ar	21.9969279167	33.2300669364	22.2679373572
Ar	9.98854933211	7.50922309189	24.7344102228
Ar	33.9820551006	23.5999799732	32.9629703631
Ar	32.9369321631	27.2529594757	17.8903328193
Ar	18.0568862826	21.6883160863	6.57353775441
Ar	23.9300283114	0.41654436543	15.2512184797
Ar	12.585177461	14.8755996978	33.754931805
Ar	19.65222718	15.5784185486	31.7963009765
Ar	32.6887323289	32.555178799	3.69708024061
Ar	8.48815004415	10.580678065	22.5512401624
Ar	21.8205107363	23.9512720941	12.6980670031
Ar	33.0841912752	9.06996547682	9.05890480998
Ar	19.0823558368	31.5109435095	11.8383038475
Ar	0.769544325071	0.881764986643	9.00011821699
Ar	11.1024747378	13.0504469323	17.228211505
Ar	30.5194826397	31.8214263269	26.9677842475
Ar	29.0499738733	8.60140782627	26.7487976421
Ar	0.345345599882	7.33041827935	32.0276005637
Ar	5.37189043619	7.11107907604	14.1931651008
Ar	20.0791712916	0.88948047811	16.1634659993
Ar	0.796174490117	26.9524299799	14.5792690678
Ar	26.6606220059	10.8487451761	28.5789326854
Ar	14.7845858897	15.8896276881	5.51708875759
Ar	23.2909471776	29.4270232553	17.9939100001
Ar	1.66013380978	19.4778799735	15.5503798448
Ar	4.63414443696	5.95831377792	20.8184436294
Ar	15.8429222671	34.5969619264	22.5619658434
Ar	8.28555395201	28.9137544658	19.2770815931
Ar	27.4079624548	32.1480034198	28.8456898935
Ar	11.2659095347	25.5937403659	9.89636807351
Ar	23.4282026592	26.6528724781	0.999073543774
Ar	26.54425202	17.0566885696	31.5394196379
Ar	28.950716974	12.9850382963	8.7728962066
Ar	14.7192232559	12.5417411972	15.1254157626
Ar	27.3800787711	25.2797546258	7.20322611627
Ar	23.8152784241	22.4962736064	30.6781443347
Ar	17.3837055144	25.9766594397	20.6591295584
Ar	12.7044231399	14.9408429663	9.02127634388
Ar	6.79093084675	9.63032380403	12.0598392144
Ar	2.04439460837	27.2386050607	27.7958708054
Ar	33.2881001165	15.0093582198	4.39720862226
Ar	24.1354189524	1.25895357103	4.77596516697
Ar	11.6655731698	29.2096784154	32.7205183941
Ar	11.2444893433	24.1633967268	21.2764895145
Ar	29.1116468785	1.39163530666	28.9845097532
Ar	14.7254173436	32.2674008353	6.96757963638
Ar	19.757089513	22.1928695483	25.6432932333
Ar	0.090976407032	24.0513062312	7.31501343549
Ar	1.54801656372	5.5123525912	12.8719686357
Ar	34.56509319	10.2128465086	14.0383610655
Ar	34.5106488411	30.1116448334	28.1081585111
Ar	17.6778681064	14.8842864055	34.3525256885
Ar	0.437969695162	25.2537751655	30.5103810226
Ar	19.0445630824	16.5238404319	18.0664807499
Ar	19.1195357418	28.5082169437	9.17475569678
Ar	17.8454294183	9.03048523088	26.8683685655
Ar	22.0419204702	3.9565450806	10.5957082438
Ar	4.04736681186	25.4780775373	1.86776890508
Ar	32.6176739992	14.7121550632	0.440411719285
Ar	29.0553898896	1.65969710647	21.4811135829
Ar	7.90444649799	29.8929112262	24.7243531847
Ar	30.7818160283	15.9596428225	21.3023265848
Ar	15.7331465264	6.22578600509	13.3691517952
Ar	10.1522152219	22.4686467216	17.3268768027
Ar	10.3628170168	16.6700931317	20.7426592425
Ar	27.7418375644	1.14696487216	6.69734526666
Ar	27.7677165798	11.9783912236	3.50062257224
Ar	17.8436002212	21.0676135206	14.5186840655
Ar	21.1168103945	30.1686990646	20.6323834979
Ar	25.7137344061	12.456135312	25.2336757648
Ar	15.0205362818	21.38559504	16.9440419853
Ar	1.15096726555	13.5372035681	13.644328749
Ar	12.2751861325	30.8326154961	1.13995026659
Ar	23.4290058862	19.6151705835	15.8244741287
Ar	28.1034049377	26.9851521296	10.1535979283
Ar	23.5804279909	24.3870264243	33.5644246297
Ar	5.60185723776	12.7388902399	21.0857778477
Ar	19.1210745892	17.5825537283	0.472661435908
Ar	17.7569455861	4.14178046336	3.81181281391
Ar	7.81904785739	25.5228319747	8.59947987736
Ar	24.0507116893	31.3044516909	20.6075896424
Ar	29.5145454747	11.7247569528	20.5137574024
Ar	0.651604267946	8.60673234165	11.3781712955
Ar	7.01687100775	14.6488834107	29.4485099388
Ar	25.8336266729	22.5036884794	23.7816799444
Ar	32.8104912362	9.4806821986	33.2530683068
Ar	10.824701178	1.63393805608	24.5042893814
Ar	11.2366696583	32.5817091909	15.3257042814
Ar	26.3075015083	20.1395683831	18.5121991501
Ar	16.5780429068	18.2185122936	7.13398733343
Ar	33.9663334605	20.7870073996	8.21002912115
Ar	18.211303196	16.1004107123	24.2347365707
Ar	2.58158205276	19.8358265331	1.70491189245
Ar	15.6545764754	1.63197245088	4.60672850685
Ar	7.22611164863	34.5377884807	23.6565288338
Ar	5.60057015118	8.75534574289	17.7901097397
Ar	0.443377862125	28.8985209118	31.3636903914
Ar	23.2762054258	26.4255014227	30.1370877443
Ar	25.4739419724	2.22433977649	0.791357770881
Ar	33.6464585347	21.0464594773	0.922871081961
Ar	5.57233959625	6.77377129664	8.88879190158
Ar	21.0483590442	27.5147188569	11.5374042278
Ar	13.2671708019	29.9541340528	17.3330731508
Ar	14.4805648785	6.33069700168	22.9447111143
Ar	15.7853160887	17.5733837624	13.4864681124
Ar	22.5622747695	8.86344189123	1.48041525284
Ar	6.72977025989	22.9989763525	1.61186018863
Ar	17.6353601586	23.9613740135	3.55525186888
Ar	8.76727518436	13.3045548365	19.9822321611
Ar	29.0446997386	20.4823659664	24.1826423672
Ar	23.7654877766	24.924961566	4.151869144
Ar	23.7042049714	30.1934705761	33.1246471839
Ar	30.1910482013	32.3131054526	23.0835689365
Ar	13.1132602877	18.2525904437	10.0045569379
Ar	25.4861346088	4.0127461192	6.84684995352
Ar	22.6634724919	7.47172671566	8.65060394843
Ar	32.0227813511	29.7398368026	1.13879068129
Ar	27.6387159733	20.0231687062	15.0568404344
Ar	25.0020131669	0.131980295064	30.1335474035
Ar	15.0572227981	17.9576365463	33.2963752238
Ar	7.31661190878	10.8185315526	33.8029456221
Ar	8.38244507511	19.4946043997	18.3302341106
Ar	30.984594825	29.0483952651	19.9364082081
Ar	34.0567062815	15.7546214749	19.9553920782
Ar	11.9311906315	19.3979258723	31.9281082649

